110 111
110 112
110 114
110 122
110 127
110 204
110 205
110 206
114 115
114 116
114 117
129 130
129 131
129 132
129 135
129 136
129 138
129 139
129 144
129 149
129 151
129 154
129 156
129 157
129 159
129 167
129 186
132 133
139 140
139 141
144 145
144 146
144 147
144 148
151 152
151 153
159 160
159 161
159 162
163 164
168 169
168 170
168 171
168 174
171 172
174 175
174 176
176 177
177 178
178 179
178 180
178 181
178 182
187 188
187 189
187 190
187 193
190 191
193 194
194 195
195 196
195 197
195 198
195 199
208 209
208 210
208 214
208 215
208 216
210 211
