795 797
795 798
795 800
795 801
795 803
795 804
795 805
795 806
795 807
795 808
795 809
795 810
795 811
795 812
795 813
795 815
795 816
795 817
795 818
795 820
795 821
795 824
795 826
795 828
795 829
795 830
795 831
795 832
795 833
795 834
795 835
795 836
795 837
795 838
795 839
795 841
795 842
795 843
795 845
795 846
795 848
795 849
795 850
795 851
795 853
795 854
795 855
795 858
795 859
795 860
795 862
795 863
795 865
795 867
795 868
795 869
795 870
797 796
797 798
797 807
797 812
797 813
797 824
798 796
798 800
798 807
798 812
798 813
798 826
798 846
800 796
800 801
800 826
801 796
801 807
801 812
801 813
801 820
801 826
801 848
803 796
803 804
804 796
804 805
805 796
805 806
806 796
806 807
807 796
807 808
807 812
807 813
807 826
807 848
807 865
807 867
808 796
808 809
809 796
809 810
810 796
810 811
811 796
811 812
812 796
812 813
812 826
812 848
812 865
812 867
813 796
813 818
813 826
813 848
813 865
813 867
815 796
815 816
816 796
816 817
817 796
817 818
818 796
818 820
818 826
818 848
818 865
818 867
820 796
820 821
820 826
820 828
821 796
821 824
821 826
824 826
824 848
824 863
826 796
826 828
826 848
826 865
826 867
828 796
828 829
829 796
829 830
830 796
830 831
831 796
831 832
832 796
832 833
833 796
833 834
834 796
834 835
835 796
835 836
836 796
836 837
836 848
836 855
837 796
837 838
838 796
838 839
839 796
839 843
839 845
841 796
841 842
842 796
842 843
843 796
843 845
843 848
843 858
845 796
845 846
845 848
845 853
846 796
846 848
846 849
846 850
848 796
848 853
848 867
849 796
849 848
849 865
849 867
850 796
850 848
850 849
850 865
850 867
851 796
851 848
851 865
851 867
853 796
853 854
853 865
853 867
854 796
854 855
855 796
855 862
855 865
855 867
858 796
858 859
859 796
859 860
860 796
860 862
862 796
862 863
862 865
862 867
863 796
863 865
865 796
865 867
867 796
867 868
868 796
868 869
869 796
869 870
870 796
