471 473
471 474
471 475
471 476
471 477
471 479
471 481
471 482
471 483
471 485
471 486
471 488
471 490
471 496
471 498
471 500
471 503
471 505
471 507
471 510
471 513
471 514
471 516
471 517
471 520
471 521
471 525
471 526
471 527
471 534
471 535
473 534
474 481
475 479
476 481
477 513
479 472
479 482
481 472
481 482
481 483
481 498
481 510
481 525
482 472
482 483
482 500
482 513
483 472
483 488
483 490
483 492
483 500
485 516
486 472
486 485
486 517
488 486
488 490
488 513
490 486
490 500
492 486
492 500
496 472
496 503
496 513
498 472
498 496
500 496
500 505
503 472
503 513
505 472
505 503
505 507
505 514
505 520
505 521
505 525
507 503
507 510
510 472
510 514
510 520
513 472
513 534
514 472
514 513
514 525
516 472
516 514
516 517
517 472
517 514
520 472
520 513
520 521
520 525
521 513
521 525
521 526
525 472
525 513
525 528
525 529
525 530
525 531
525 532
526 513
526 527
527 472
527 513
528 472
528 513
529 472
529 513
530 472
530 513
531 472
531 513
532 472
532 513
534 472
534 535
535 472
