214 215
214 216
214 217
214 218
214 220
214 222
214 223
214 225
214 229
214 230
214 231
214 232
214 235
214 236
214 237
214 238
214 241
214 242
214 243
214 244
214 246
214 252
214 253
214 257
214 258
214 259
214 260
214 262
214 263
214 264
214 265
214 266
214 269
215 225
215 259
215 262
215 263
216 222
217 214
217 218
217 220
217 222
217 223
217 225
217 229
217 258
218 220
218 231
218 235
220 214
220 222
220 229
222 214
222 225
222 229
223 214
223 225
225 214
225 229
225 231
225 235
225 241
225 253
229 214
229 230
229 235
230 214
231 214
231 232
232 214
235 236
235 237
235 241
235 243
235 246
236 237
236 238
236 241
236 242
238 214
241 242
241 246
241 253
242 243
242 244
242 246
242 253
242 257
244 214
246 253
246 257
257 214
258 259
258 260
258 263
258 269
259 260
259 262
259 263
259 264
260 214
262 263
263 264
263 265
263 269
264 265
264 266
264 269
266 214
269 214
