127 131
127 136
127 137
127 140
127 144
127 145
127 149
127 150
127 152
127 155
127 156
127 160
127 161
127 163
127 164
127 168
127 169
127 171
127 172
127 173
127 175
131 128
131 136
131 140
136 128
136 140
137 145
140 128
140 144
140 149
144 128
144 149
144 152
145 128
145 155
149 128
149 150
150 128
150 155
150 156
150 160
152 128
152 155
152 168
152 171
155 128
155 160
156 128
156 155
156 160
160 128
160 161
161 128
161 163
163 128
163 164
164 128
164 169
168 128
168 169
168 171
169 128
169 172
169 173
171 128
171 172
171 175
172 128
172 173
173 128
175 128
