64 65
64 263
65 66
65 68
65 69
65 71
65 72
65 74
65 75
65 76
65 85
65 101
65 120
65 121
65 122
65 124
65 125
65 126
65 128
65 129
65 131
65 133
65 142
65 176
65 178
65 181
65 182
65 185
65 187
65 188
65 189
65 190
65 192
65 193
65 194
65 202
65 204
65 206
65 207
65 208
65 210
65 211
65 212
65 214
65 216
65 217
65 219
65 220
65 221
65 223
65 224
65 225
65 227
65 228
65 229
65 230
65 240
65 242
65 243
65 244
65 254
65 256
65 257
65 259
65 260
65 262
85 99
133 134
133 135
135 136
135 137
135 138
135 139
178 179
178 180
182 183
182 184
