64 66
66 68
68 69
69 71
71 72
72 74
74 75
75 76
76 85
85 99
85 101
99 85
101 120
120 121
121 122
122 124
124 125
125 126
126 128
128 129
129 131
131 133
133 142
135 133
136 137
137 138
138 139
139 135
142 176
176 178
178 181
181 182
182 185
185 187
187 188
188 189
189 190
190 192
192 193
193 194
194 202
202 204
204 206
206 207
207 208
208 210
210 211
211 212
212 214
214 216
216 217
217 219
219 220
220 221
221 223
223 224
224 225
225 227
227 228
228 229
229 230
230 240
240 242
242 243
243 244
244 254
254 256
256 257
257 259
259 260
260 262
262 263
