750 751
750 762
750 794
750 798
750 800
750 806
750 898
751 752
762 764
764 765
765 767
765 776
765 777
765 783
765 786
767 768
767 769
769 770
770 771
777 778
777 779
779 780
783 784
786 787
790 791
794 795
800 801
800 802
800 803
803 804
806 807
806 808
808 809
808 813
808 817
808 819
808 824
808 829
808 895
809 811
813 814
819 820
824 825
824 826
829 830
829 832
829 834
834 835
834 837
834 854
834 856
834 880
837 838
837 839
837 840
840 841
840 842
842 843
842 844
844 845
844 846
844 847
844 848
844 849
844 850
856 874
857 858
857 859
859 860
859 861
859 863
859 865
863 864
865 866
865 871
866 867
866 868
866 869
874 875
874 876
874 877
877 878
880 881
880 888
881 882
881 885
881 886
882 883
888 889
892 893
