750 751
751 752
751 764
752 750
764 765
764 767
764 791
764 794
765 764
768 769
769 770
769 776
770 771
776 777
777 778
777 780
778 783
780 783
783 786
783 791
783 794
787 764
791 794
795 750
798 801
798 804
801 802
802 806
804 806
806 807
806 898
807 808
808 809
809 813
809 898
813 814
813 817
814 817
817 819
819 820
819 824
820 824
824 825
824 830
830 832
832 835
835 838
835 841
838 839
839 854
841 842
842 843
842 845
843 854
845 846
846 847
847 848
848 849
849 850
850 854
854 858
854 875
858 860
860 861
861 863
863 864
863 866
864 863
866 867
866 871
867 868
868 869
869 871
871 873
873 858
873 881
875 876
876 877
877 878
877 881
878 877
881 882
881 888
883 885
885 886
886 888
888 889
888 893
888 895
889 893
889 895
893 750
898 750
