1296 1297
1296 1299
1296 1300
1296 1301
1296 1302
1296 1303
1296 1305
1296 1309
1296 1311
1296 1313
1296 1315
1296 1316
1305 1306
1305 1307
1316 1317
1316 1318
1316 1320
1316 1321
1316 1331
1316 1333
1316 1337
1316 1341
1316 1343
1316 1346
1316 1348
1316 1410
1321 1322
1321 1323
1321 1324
1321 1325
1325 1326
1325 1327
1325 1329
1333 1335
1337 1338
1348 1350
1348 1355
1348 1357
1350 1351
1351 1352
1357 1359
1357 1361
1357 1397
1361 1363
1361 1364
1364 1366
1364 1367
1364 1368
1364 1369
1369 1371
1369 1372
1369 1373
1369 1374
1369 1375
1375 1376
1375 1377
1375 1388
1378 1379
1379 1380
1379 1381
1382 1383
1382 1385
1388 1390
1388 1391
1388 1392
1388 1393
1388 1394
1397 1406
1399 1400
1399 1403
1410 1411
1410 1412
