1296 1297
1297 1299
1299 1300
1300 1301
1301 1302
1302 1303
1303 1305
1306 1307
1307 1309
1309 1311
1311 1313
1313 1315
1315 1317
1317 1318
1318 1320
1320 1322
1320 1326
1320 1329
1322 1323
1323 1324
1324 1331
1326 1327
1327 1331
1329 1331
1331 1333
1333 1335
1333 1337
1335 1337
1338 1296
1341 1343
1343 1346
1346 1350
1346 1359
1350 1352
1350 1355
1352 1355
1355 1411
1359 1361
1361 1363
1361 1364
1363 1397
1364 1366
1364 1369
1366 1367
1367 1368
1368 1397
1369 1371
1369 1375
1371 1372
1372 1373
1373 1374
1374 1397
1375 1376
1375 1390
1376 1377
1377 1380
1380 1381
1381 1380
1381 1383
1381 1397
1383 1385
1385 1380
1385 1397
1390 1391
1391 1392
1392 1393
1393 1394
1394 1397
1397 1400
1397 1411
1400 1403
1403 1400
1403 1406
1406 1411
1411 1412
1412 1296
