1296 1297
1296 1299
1296 1300
1296 1301
1296 1302
1296 1303
1296 1305
1296 1306
1296 1307
1296 1309
1296 1311
1296 1313
1296 1315
1296 1317
1296 1318
1296 1320
1296 1321
1296 1322
1296 1323
1296 1324
1296 1325
1296 1326
1296 1327
1296 1329
1296 1331
1296 1333
1296 1335
1296 1337
1296 1338
1296 1341
1296 1343
1296 1346
1296 1348
1296 1350
1296 1352
1296 1355
1296 1359
1296 1361
1296 1363
1296 1364
1296 1366
1296 1367
1296 1368
1296 1369
1296 1371
1296 1372
1296 1373
1296 1374
1296 1375
1296 1376
1296 1377
1296 1380
1296 1381
1296 1383
1296 1385
1296 1390
1296 1391
1296 1392
1296 1393
1296 1394
1296 1397
1296 1400
1296 1403
1296 1406
1296 1411
1296 1412
1297 1296
1297 1303
1299 1296
1299 1300
1299 1309
1300 1296
1300 1301
1301 1296
1302 1296
1302 1305
1303 1296
1303 1305
1303 1315
1305 1296
1305 1306
1306 1296
1306 1307
1307 1296
1307 1311
1309 1296
1309 1313
1309 1355
1309 1363
1309 1366
1309 1371
1309 1376
1309 1390
1311 1296
1313 1296
1313 1317
1313 1322
1313 1326
1313 1333
1313 1335
1313 1341
1315 1296
1315 1322
1315 1326
1315 1337
1317 1296
1318 1323
1320 1296
1322 1296
1322 1324
1322 1337
1322 1352
1322 1359
1323 1296
1323 1341
1324 1296
1324 1333
1324 1335
1324 1341
1326 1296
1326 1327
1326 1337
1326 1352
1326 1359
1327 1296
1327 1333
1327 1335
1327 1341
1329 1296
1329 1341
1331 1296
1331 1333
1333 1296
1333 1335
1333 1341
1335 1296
1335 1341
1337 1296
1337 1352
1337 1359
1337 1412
1338 1296
1341 1343
1341 1346
1343 1346
1343 1361
1346 1350
1346 1367
1346 1373
1346 1380
1346 1392
1346 1397
1350 1352
1352 1412
1359 1368
1359 1374
1359 1381
1359 1403
1359 1412
1361 1363
1361 1364
1363 1400
1364 1366
1364 1367
1364 1368
1364 1369
1366 1400
1367 1368
1367 1397
1368 1403
1368 1412
1369 1371
1369 1372
1369 1373
1369 1374
1369 1375
1371 1400
1372 1373
1373 1374
1373 1397
1374 1403
1374 1412
1375 1376
1375 1377
1375 1380
1375 1381
1375 1390
1375 1391
1375 1392
1375 1393
1375 1394
1376 1377
1377 1400
1380 1381
1380 1397
1381 1380
1381 1383
1381 1385
1381 1403
1381 1412
1383 1296
1383 1385
1385 1380
1385 1381
1385 1403
1385 1412
1390 1394
1391 1393
1392 1393
1392 1397
1393 1296
1393 1394
1394 1400
1397 1400
1397 1403
1397 1406
1400 1406
1403 1296
1403 1400
1403 1412
