188 191
188 192
188 195
188 196
188 197
188 198
188 199
188 200
188 201
188 203
188 204
188 206
188 210
188 211
188 212
188 214
188 215
188 216
188 217
188 218
188 219
188 220
188 221
188 222
188 223
188 226
188 227
191 189
191 195
192 189
192 191
192 203
195 189
195 196
195 199
196 189
196 197
196 200
197 189
197 198
197 199
197 210
198 189
198 200
198 203
199 189
199 200
199 210
200 189
200 210
201 189
203 189
203 204
203 206
204 189
204 210
206 189
206 210
206 211
206 212
210 189
210 212
211 189
211 210
211 212
212 189
212 214
214 189
214 215
215 189
215 216
216 189
216 217
217 189
217 218
218 189
218 219
219 189
219 220
220 189
220 221
221 189
221 222
222 189
222 223
223 189
223 226
226 189
226 227
227 189
