93 94
93 95
93 96
93 97
93 99
93 100
93 101
93 102
93 105
93 106
93 107
93 110
93 112
93 114
93 115
93 119
93 120
93 121
93 122
93 124
94 93
94 95
95 93
95 96
95 97
95 99
96 97
96 110
97 93
97 99
97 110
99 93
99 100
99 110
99 124
100 93
100 101
100 102
100 105
101 93
101 102
101 110
101 124
102 93
102 105
102 110
102 124
105 93
105 106
105 112
106 93
106 107
107 93
107 112
110 93
110 112
110 113
110 114
110 115
110 119
110 124
112 93
112 114
112 115
114 112
114 115
115 93
117 93
119 120
119 121
120 93
121 122
121 124
122 93
124 93
