105 106
106 108
106 112
106 116
106 120
106 122
106 123
106 174
106 250
112 113
116 117
124 125
124 126
124 129
124 131
126 127
131 132
131 133
134 136
134 139
134 140
134 148
134 157
136 137
140 142
140 145
142 143
148 153
157 158
157 159
157 160
157 161
161 162
164 165
174 175
175 176
175 177
177 178
177 179
179 180
179 181
182 183
182 184
182 185
182 187
182 188
182 192
182 193
188 190
193 194
193 195
193 196
193 197
193 198
193 199
193 200
193 201
193 202
193 203
193 205
193 224
193 227
193 228
193 229
193 232
193 233
193 235
193 236
193 237
193 238
193 240
206 207
206 211
206 214
206 218
207 208
207 209
211 212
214 215
218 219
219 220
246 247
250 251
250 252
250 253
250 254
250 255
250 256
250 257
250 258
250 262
250 263
250 267
250 285
250 298
258 259
267 268
268 269
268 271
268 272
268 273
268 276
276 277
276 278
285 286
285 287
285 288
285 290
285 292
292 293
295 296
298 299
