105 108
108 112
112 113
112 116
113 116
117 105
120 122
122 123
123 125
125 126
125 129
127 129
129 125
129 131
131 125
131 132
131 175
132 133
133 125
133 136
133 175
136 139
139 140
140 148
142 143
142 145
143 145
145 148
158 159
159 160
160 161
161 125
161 136
161 162
161 165
161 175
162 125
162 136
162 165
162 175
165 125
165 136
165 175
175 176
175 247
175 250
176 177
177 178
177 247
177 250
178 179
179 180
179 247
179 250
180 181
181 183
183 184
184 185
185 187
187 188
188 190
188 192
190 192
192 193
193 183
193 194
193 247
193 250
194 195
195 196
196 197
197 198
198 199
199 200
200 201
201 202
202 203
203 205
205 207
207 208
207 211
208 209
209 211
211 212
211 214
212 214
214 215
214 218
215 218
218 207
218 219
218 224
219 207
219 220
219 224
220 207
220 224
224 227
227 228
228 229
229 232
232 233
233 235
235 236
236 237
237 238
238 240
240 183
240 247
240 250
247 250
250 251
250 299
251 252
252 253
253 254
254 255
255 256
256 257
257 258
258 259
258 262
259 262
262 263
263 267
267 269
267 286
269 271
271 272
272 273
273 276
276 277
276 286
277 278
278 105
286 287
287 288
288 290
290 292
292 105
292 293
292 296
293 105
293 296
296 105
299 105
