359 360
359 361
359 362
359 363
359 364
359 392
359 393
359 394
359 398
359 399
359 401
359 402
359 403
359 407
359 408
359 411
359 412
359 413
359 414
359 417
359 419
359 423
359 428
359 433
359 434
360 359
360 361
360 362
360 363
360 364
360 392
360 393
360 394
360 397
360 433
361 359
361 362
361 363
361 364
361 393
362 359
362 363
362 364
363 359
363 393
364 359
364 392
364 393
392 359
393 359
393 394
394 359
397 398
397 407
397 408
397 411
397 412
397 413
397 416
397 419
397 423
397 428
397 433
397 434
398 399
398 401
398 403
398 407
398 408
398 411
398 412
398 413
398 416
398 419
398 423
398 428
398 433
398 434
399 359
401 402
401 403
401 433
402 359
402 433
403 402
403 407
403 408
407 408
407 414
407 417
407 419
407 433
408 413
408 433
411 413
413 414
413 423
414 413
414 417
414 419
416 417
417 419
419 428
433 434
434 359
