2 3
2 4
2 6
2 7
2 8
2 9
2 10
2 11
2 12
2 13
2 14
2 15
2 16
2 17
2 18
2 19
2 20
2 21
2 22
2 23
2 24
2 25
2 26
2 27
2 28
2 29
2 30
2 31
2 32
2 33
2 34
2 35
2 36
2 37
2 38
2 39
2 40
2 41
2 42
2 43
2 44
2 45
2 46
2 47
2 48
2 49
2 50
2 52
2 53
2 54
2 55
2 56
2 57
2 58
2 59
2 60
2 61
3 2
3 4
3 12
3 17
3 18
3 25
4 2
4 6
4 12
4 17
4 18
4 26
4 43
6 2
6 7
6 26
7 2
7 12
7 17
7 18
7 23
7 26
7 44
8 2
8 9
9 2
9 10
10 2
10 11
11 2
11 12
12 2
12 13
12 17
12 18
12 26
12 44
12 57
12 58
13 2
13 14
14 2
14 15
15 2
15 16
16 2
16 17
17 2
17 18
17 26
17 44
17 57
17 58
18 2
18 22
18 26
18 44
18 57
18 58
19 2
19 20
20 2
20 21
21 2
21 22
22 2
22 23
22 26
22 44
22 57
22 58
23 2
23 24
23 26
23 27
24 2
24 25
24 26
25 26
25 44
25 56
26 2
26 27
26 44
26 57
26 58
27 2
27 28
28 2
28 29
29 2
29 30
30 2
30 31
31 2
31 32
32 2
32 33
33 2
33 34
34 2
34 35
35 2
35 36
35 44
35 50
36 2
36 37
37 2
37 38
38 2
38 41
38 42
39 2
39 40
40 2
40 41
41 2
41 42
41 44
41 52
42 2
42 43
42 44
42 48
43 2
43 44
43 45
43 46
44 2
44 48
44 58
45 2
45 44
45 57
45 58
46 2
46 44
46 45
46 57
46 58
47 2
47 44
47 57
47 58
48 2
48 49
48 57
48 58
49 2
49 50
50 2
50 55
50 57
50 58
52 2
52 53
53 2
53 54
54 2
54 55
55 2
55 56
55 57
55 58
56 2
56 57
57 2
57 58
58 2
58 59
59 2
59 60
60 2
60 61
61 2
