318 321
318 322
318 323
318 324
318 325
318 326
318 328
318 330
318 331
318 332
318 333
318 334
318 335
318 336
318 338
318 339
318 340
318 341
318 343
318 345
318 348
318 349
318 351
318 353
318 354
318 355
318 356
318 358
318 361
318 363
321 318
321 332
321 335
321 345
321 361
322 335
322 336
322 361
323 335
323 345
323 361
324 335
324 345
324 361
325 335
325 341
325 345
325 351
325 358
325 361
326 318
326 335
326 345
326 355
326 363
328 318
328 330
328 331
328 332
328 333
328 334
328 336
328 348
328 349
328 358
330 318
330 328
330 331
330 333
331 318
331 332
331 335
331 345
331 361
332 318
332 333
332 335
332 345
332 358
333 318
333 334
333 335
333 341
333 345
333 348
334 318
334 335
334 338
334 343
335 318
335 345
336 318
336 338
336 339
336 340
336 341
336 343
338 318
338 341
339 335
339 345
339 361
340 335
340 345
340 361
341 318
341 335
341 336
341 348
341 351
341 358
341 361
343 318
343 335
343 336
343 345
343 361
345 318
345 335
348 318
348 349
348 351
348 358
349 318
349 351
349 353
349 358
351 318
351 353
351 358
353 318
353 354
353 355
353 356
353 358
354 335
354 345
354 355
354 363
355 318
355 335
355 345
355 356
355 363
356 318
356 335
356 345
356 355
356 358
356 363
358 318
358 335
358 341
358 345
358 351
358 361
361 318
361 363
363 318
