836 837
836 838
836 839
836 840
836 841
836 842
836 843
836 844
836 845
836 846
836 847
836 848
836 849
836 850
836 852
836 854
836 855
836 856
836 858
836 859
836 860
836 862
837 836
837 852
837 856
837 860
837 862
839 836
839 840
840 836
840 841
840 843
841 836
841 842
841 848
842 836
842 847
842 854
843 836
843 844
843 845
843 846
843 847
843 848
843 852
845 836
845 846
846 836
846 847
847 836
847 850
847 852
848 836
848 849
848 850
849 836
849 850
850 836
850 852
852 836
852 856
852 860
852 862
854 836
854 855
854 858
855 836
855 856
856 836
856 860
856 862
858 836
858 859
859 836
859 860
860 836
860 862
862 836
