79 80
80 81
81 82
82 83
83 86
86 87
87 88
88 90
90 78
90 91
91 92
91 146
92 93
93 94
93 99
94 95
95 96
95 98
96 98
98 160
99 102
99 105
102 103
103 160
105 106
105 114
106 107
107 108
107 109
108 160
109 110
109 111
110 160
111 112
111 160
112 160
114 115
114 134
115 116
116 117
117 118
118 120
118 122
118 160
120 160
122 126
122 129
126 127
127 160
129 160
134 135
134 139
135 136
136 137
137 160
139 140
139 160
140 141
141 142
141 160
142 160
146 148
146 160
148 149
149 150
149 160
150 152
152 153
153 154
154 155
155 156
156 160
160 90
160 162
162 164
164 90
