889 890
889 892
889 894
889 895
889 898
889 899
889 901
889 903
889 905
889 917
889 919
889 921
889 922
889 924
889 926
889 928
889 933
889 939
889 945
889 947
889 979
889 981
889 982
889 983
889 984
889 985
889 986
889 987
889 988
889 990
889 991
889 993
889 994
889 996
889 998
889 999
889 1001
889 1004
889 1005
889 1006
889 1008
889 1010
889 1011
889 1013
889 1014
889 1016
889 1022
889 1023
889 1025
889 1026
889 1027
889 1028
889 1030
889 1031
889 1033
889 1034
889 1035
889 1036
889 1038
889 1039
889 1040
889 1042
889 1043
889 1044
889 1046
889 1047
889 1050
889 1052
889 1053
889 1064
889 1067
889 1070
889 1071
889 1074
889 1077
889 1099
889 1102
889 1105
889 1108
889 1112
889 1115
889 1118
889 1121
889 1124
889 1127
889 1131
889 1133
889 1135
889 1137
889 1138
889 1139
889 1140
889 1141
889 1142
889 1143
889 1144
889 1145
889 1146
889 1147
889 1156
889 1157
889 1158
889 1159
889 1177
889 1178
889 1181
889 1182
889 1185
889 1188
889 1191
889 1195
889 1201
889 1202
889 1222
889 1230
889 1233
889 1234
889 1235
889 1237
889 1238
889 1240
889 1242
889 1243
889 1244
889 1246
889 1247
889 1250
889 1251
895 896
903 904
917 918
924 925
928 929
928 930
930 931
933 934
933 936
933 937
934 935
939 940
939 942
940 941
947 948
947 949
947 950
950 951
950 953
950 955
950 956
950 957
950 967
951 952
957 958
991 992
996 997
1001 1002
1002 1003
1008 1009
1011 1012
1014 1015
1031 1032
1040 1041
1044 1045
1047 1048
1048 1049
1053 1054
1053 1055
1055 1056
1055 1057
1055 1059
1055 1060
1074 1075
1077 1078
1077 1079
1099 1100
1102 1103
1105 1106
1108 1109
1109 1110
1112 1113
1115 1116
1118 1119
1121 1122
1124 1125
1127 1128
1131 1132
1133 1134
1135 1136
1147 1148
1159 1160
1159 1162
1178 1179
1182 1183
1185 1186
1188 1189
1191 1192
1195 1196
1195 1197
1202 1203
1202 1208
1202 1209
1202 1210
1202 1211
1202 1212
1202 1213
1203 1204
1203 1205
1203 1206
1203 1207
1222 1223
1223 1224
1223 1225
1226 1227
1238 1239
1240 1241
1247 1248
