889 890
890 892
892 894
894 895
895 896
895 898
896 895
898 899
899 901
901 903
903 904
903 905
904 903
905 917
917 918
917 919
918 917
919 921
921 922
922 924
924 925
924 926
925 924
926 928
929 930
930 931
930 935
930 940
930 945
931 930
934 936
935 934
936 937
937 940
937 945
940 941
940 942
941 940
942 945
945 948
948 949
949 950
950 952
950 979
951 953
952 951
953 955
955 956
956 958
957 967
958 957
967 979
979 981
981 982
982 983
983 984
984 985
985 986
986 987
987 988
988 990
990 991
991 992
991 993
992 991
993 994
994 996
996 997
996 998
997 996
998 999
999 1002
1001 1004
1002 1001
1002 1003
1003 1002
1004 1005
1005 1006
1006 1008
1008 1009
1008 1010
1009 1008
1010 1011
1011 1012
1011 1013
1012 1011
1013 1014
1014 1015
1014 1016
1015 1014
1016 1022
1022 1023
1023 1025
1025 1026
1026 1027
1027 1028
1028 1030
1030 1032
1031 1033
1032 1031
1033 1034
1034 1035
1035 1036
1036 1038
1038 1039
1039 1040
1040 1041
1040 1042
1041 1040
1042 1043
1043 1044
1044 1045
1044 1046
1045 1044
1046 1047
1047 1050
1048 1047
1048 1049
1049 1048
1050 1052
1052 1053
1053 1054
1053 1064
1054 1055
1055 1056
1055 1064
1056 1057
1057 1059
1059 1060
1060 1064
1064 1067
1067 1070
1070 1071
1071 1074
1074 1075
1074 1077
1075 1077
1077 1078
1077 1099
1078 1079
1079 1099
1099 1100
1099 1102
1100 1102
1102 1103
1102 1105
1103 1105
1105 1106
1105 1108
1106 1108
1108 1109
1108 1110
1108 1112
1109 1108
1110 1112
1112 1113
1112 1115
1113 1115
1115 1116
1115 1118
1116 1118
1118 1119
1118 1121
1119 1121
1121 1122
1121 1124
1122 1124
1124 1125
1124 1127
1125 1127
1127 1128
1127 1132
1128 1132
1131 1134
1132 1131
1133 1136
1134 1133
1135 1137
1136 1135
1137 1138
1138 1139
1139 1140
1140 1141
1141 1142
1142 1143
1143 1144
1144 1145
1145 1146
1146 1148
1146 1156
1148 1156
1156 1157
1157 1158
1158 1159
1159 1160
1159 1177
1160 1162
1162 1177
1177 1178
1178 1179
1178 1181
1179 1181
1181 1182
1182 1183
1182 1185
1183 1185
1185 1186
1185 1188
1186 1188
1188 1189
1188 1191
1189 1191
1191 1192
1191 1195
1192 1195
1195 1201
1196 1197
1197 1195
1201 1202
1202 1203
1202 1223
1203 1204
1203 1208
1204 1205
1205 1206
1206 1207
1207 1203
1208 1209
1209 1210
1210 1211
1211 1212
1212 1213
1213 1223
1223 1224
1223 1227
1223 1230
1224 1225
1225 1223
1227 1230
1230 1233
1233 1234
1234 1235
1235 1237
1237 1238
1238 1239
1238 1240
1239 1238
1240 1241
1240 1242
1241 1240
1242 1243
1243 1244
1244 1246
1246 1247
1247 1248
1247 1250
1248 1247
1250 1251
1251 889
