889 890
889 892
889 894
889 895
889 898
889 899
889 901
889 903
889 905
889 917
889 919
889 921
889 922
889 924
889 926
889 928
889 929
889 930
889 933
889 934
889 935
889 936
889 937
889 939
889 940
889 945
889 948
889 949
889 950
889 951
889 952
889 953
889 955
889 956
889 957
889 958
889 967
889 981
889 982
889 983
889 985
889 988
889 990
889 991
889 993
889 994
889 996
889 998
889 999
889 1001
889 1002
889 1004
889 1005
889 1006
889 1008
889 1010
889 1011
889 1013
889 1014
889 1016
889 1022
889 1023
889 1025
889 1026
889 1027
889 1028
889 1030
889 1031
889 1032
889 1033
889 1036
889 1038
889 1039
889 1041
889 1042
889 1044
889 1046
889 1047
889 1048
889 1052
889 1054
889 1055
889 1056
889 1057
889 1059
889 1064
889 1067
889 1070
889 1074
889 1075
889 1077
889 1078
889 1079
889 1099
889 1100
889 1102
889 1103
889 1105
889 1106
889 1108
889 1109
889 1110
889 1112
889 1113
889 1115
889 1116
889 1118
889 1121
889 1122
889 1124
889 1125
889 1127
889 1128
889 1131
889 1132
889 1133
889 1134
889 1135
889 1136
889 1137
889 1138
889 1139
889 1140
889 1141
889 1142
889 1143
889 1144
889 1145
889 1146
889 1147
889 1148
889 1156
889 1157
889 1158
889 1162
889 1177
889 1178
889 1179
889 1182
889 1183
889 1185
889 1186
889 1188
889 1189
889 1191
889 1192
889 1195
889 1196
889 1201
889 1202
889 1203
889 1208
889 1209
889 1210
889 1213
889 1223
889 1224
889 1227
889 1238
889 1240
889 1246
889 1247
889 1248
889 1250
890 892
892 894
892 901
894 889
894 895
894 898
895 889
895 898
895 903
898 889
898 899
899 889
899 905
899 917
899 919
901 889
901 905
901 919
901 930
901 957
901 967
901 993
901 1016
901 1033
901 1036
901 1047
901 1052
903 889
903 905
903 930
903 935
903 942
903 952
903 993
903 1016
903 1033
903 1036
903 1047
903 1057
903 1070
903 1075
903 1078
903 1079
903 1100
903 1103
903 1106
903 1110
903 1113
903 1122
903 1125
903 1128
903 1148
903 1160
903 1162
903 1179
903 1183
903 1186
903 1189
903 1192
903 1195
903 1210
903 1213
903 1223
903 1247
905 889
905 917
905 930
905 957
905 967
905 993
905 1016
905 1033
905 1036
905 1047
905 1057
905 1070
905 1075
905 1078
905 1079
905 1100
905 1103
905 1106
905 1110
905 1113
905 1122
905 1125
905 1128
905 1148
905 1162
905 1179
905 1183
905 1186
905 1189
905 1192
905 1195
905 1210
905 1213
905 1223
905 1247
917 889
917 919
919 889
919 921
919 922
919 924
919 926
921 889
921 922
921 924
922 889
922 926
922 930
922 957
922 967
922 993
922 1016
922 1033
922 1036
922 1047
922 1057
922 1070
922 1075
922 1078
922 1079
922 1100
922 1103
922 1106
922 1110
922 1113
922 1122
922 1125
922 1128
922 1148
922 1162
922 1179
922 1183
922 1186
922 1189
922 1192
922 1195
922 1210
922 1213
922 1223
922 1247
924 889
924 926
926 889
926 929
926 930
926 937
926 940
926 942
926 945
928 889
929 889
929 937
929 945
930 889
930 935
930 937
930 940
930 945
930 952
930 957
930 967
930 993
930 1016
930 1033
930 1036
930 1047
930 1057
930 1070
930 1075
930 1078
930 1079
930 1100
930 1103
930 1106
930 1110
930 1113
930 1122
930 1125
930 1128
930 1148
930 1162
930 1179
930 1183
930 1186
930 1189
930 1192
930 1195
930 1210
930 1213
930 1223
930 1247
934 889
934 936
935 889
935 934
935 936
935 942
935 952
935 993
935 1016
935 1033
935 1036
935 1047
935 1057
935 1070
935 1075
935 1078
935 1079
935 1100
935 1103
935 1106
935 1110
935 1113
935 1122
935 1125
935 1128
935 1148
935 1160
935 1162
935 1179
935 1183
935 1186
935 1189
935 1192
935 1195
935 1210
935 1213
935 1223
935 1247
936 889
936 937
936 952
937 889
937 940
937 942
937 945
937 957
937 967
937 993
937 1016
937 1033
937 1036
937 1047
937 1057
937 1070
937 1075
937 1078
937 1079
937 1100
937 1103
937 1106
937 1110
937 1113
937 1122
937 1125
937 1128
937 1148
937 1162
937 1179
937 1183
937 1186
937 1189
937 1192
937 1195
937 1210
937 1213
937 1223
937 1247
940 889
940 942
940 945
942 889
942 945
942 952
942 1160
945 889
945 953
945 981
945 982
945 983
945 984
945 985
945 986
945 987
945 988
945 990
945 993
945 994
948 889
948 949
948 950
949 889
949 957
949 967
949 993
949 1016
949 1033
949 1036
949 1047
949 1057
949 1070
949 1075
949 1078
949 1079
949 1100
949 1103
949 1106
949 1110
949 1113
949 1122
949 1125
949 1128
949 1148
949 1158
949 1162
949 1179
949 1183
949 1186
949 1189
949 1192
949 1195
949 1210
949 1213
949 1223
949 1227
949 1247
950 889
950 951
950 952
950 953
950 955
950 956
950 957
950 958
950 967
950 993
950 1016
950 1033
950 1036
950 1047
950 1057
950 1070
950 1075
950 1078
950 1079
950 1100
950 1103
950 1106
950 1110
950 1113
950 1122
950 1125
950 1128
950 1148
950 1162
950 1179
950 1183
950 1186
950 1189
950 1192
950 1195
950 1210
950 1213
950 1223
950 1247
951 889
951 953
952 889
952 951
952 957
952 967
952 993
952 1016
952 1033
952 1036
952 1047
952 1057
952 1070
952 1075
952 1078
952 1079
952 1100
952 1103
952 1106
952 1110
952 1113
952 1122
952 1125
952 1128
952 1148
952 1160
952 1162
952 1179
952 1183
952 1186
952 1189
952 1192
952 1195
952 1210
952 1213
952 1223
952 1247
953 889
953 955
953 956
955 889
955 956
956 889
956 957
956 967
956 981
956 982
956 983
956 984
956 985
956 986
956 987
956 988
956 990
956 993
956 994
957 889
957 967
958 889
958 957
958 967
958 993
958 1016
958 1033
958 1036
958 1047
958 1057
958 1070
958 1075
958 1078
958 1079
958 1100
958 1103
958 1106
958 1110
958 1113
958 1122
958 1125
958 1128
958 1148
958 1162
958 1179
958 1183
958 1186
958 1189
958 1192
958 1195
958 1210
958 1213
958 1223
958 1247
967 889
967 993
967 1016
967 1033
967 1036
967 1047
967 1057
967 1070
967 1075
967 1078
967 1079
967 1100
967 1103
967 1106
967 1110
967 1113
967 1122
967 1125
967 1128
967 1148
967 1162
967 1179
967 1183
967 1186
967 1189
967 1192
967 1195
967 1210
967 1213
967 1223
967 1247
979 889
979 994
981 889
981 982
981 994
982 889
982 983
982 994
983 889
983 984
983 994
983 1042
984 889
984 985
984 994
985 889
985 986
985 987
986 889
986 987
986 988
987 889
987 994
988 889
988 990
988 994
990 889
990 993
990 994
991 889
991 993
991 994
991 1002
993 889
993 994
993 1002
993 1016
993 1033
993 1036
993 1047
993 1057
993 1070
993 1075
993 1078
993 1079
993 1100
993 1103
993 1106
993 1110
993 1113
993 1122
993 1125
993 1128
993 1148
993 1162
993 1179
993 1183
993 1186
993 1189
993 1192
993 1195
993 1210
993 1213
993 1223
993 1247
994 889
994 996
994 998
996 889
996 998
998 889
998 999
999 1002
999 1004
1001 889
1001 1004
1002 889
1002 1001
1002 1006
1002 1008
1004 889
1004 1005
1004 1016
1004 1025
1004 1026
1005 889
1005 1006
1005 1026
1006 889
1006 1008
1006 1016
1006 1033
1006 1036
1006 1047
1006 1057
1006 1070
1006 1075
1006 1078
1006 1079
1006 1100
1006 1103
1006 1106
1006 1110
1006 1113
1006 1122
1006 1125
1006 1128
1006 1148
1006 1162
1006 1179
1006 1183
1006 1186
1006 1189
1006 1192
1006 1195
1006 1210
1006 1213
1006 1223
1006 1247
1008 889
1008 1010
1008 1011
1010 889
1010 1011
1010 1016
1010 1033
1010 1036
1010 1047
1010 1057
1010 1070
1010 1075
1010 1078
1010 1079
1010 1100
1010 1103
1010 1106
1010 1110
1010 1113
1010 1122
1010 1125
1010 1128
1010 1148
1010 1162
1010 1179
1010 1183
1010 1186
1010 1189
1010 1192
1010 1195
1010 1210
1010 1213
1010 1223
1010 1247
1011 889
1011 1013
1011 1014
1013 889
1013 1014
1013 1016
1013 1033
1013 1036
1013 1047
1013 1057
1013 1070
1013 1075
1013 1078
1013 1079
1013 1100
1013 1103
1013 1106
1013 1110
1013 1113
1013 1122
1013 1125
1013 1128
1013 1148
1013 1162
1013 1179
1013 1183
1013 1186
1013 1189
1013 1192
1013 1195
1013 1210
1013 1213
1013 1223
1013 1247
1014 889
1014 1016
1014 1022
1014 1033
1014 1036
1014 1047
1014 1057
1014 1070
1014 1075
1014 1078
1014 1079
1014 1100
1014 1103
1014 1106
1014 1110
1014 1113
1014 1122
1014 1125
1014 1128
1014 1148
1014 1162
1014 1179
1014 1183
1014 1186
1014 1189
1014 1192
1014 1195
1014 1210
1014 1213
1014 1223
1014 1247
1016 889
1016 1022
1016 1033
1016 1036
1016 1047
1016 1057
1016 1070
1016 1075
1016 1078
1016 1079
1016 1100
1016 1103
1016 1106
1016 1110
1016 1113
1016 1122
1016 1125
1016 1128
1016 1148
1016 1162
1016 1179
1016 1183
1016 1186
1016 1189
1016 1192
1016 1195
1016 1210
1016 1213
1016 1223
1016 1247
1022 889
1022 1023
1022 1033
1022 1036
1022 1047
1022 1057
1022 1070
1022 1075
1022 1078
1022 1079
1022 1100
1022 1103
1022 1106
1022 1110
1022 1113
1022 1122
1022 1125
1022 1128
1022 1148
1022 1162
1022 1179
1022 1183
1022 1186
1022 1189
1022 1192
1022 1195
1022 1210
1022 1213
1022 1223
1022 1247
1023 889
1023 1026
1025 889
1025 1026
1026 889
1026 1027
1026 1028
1026 1030
1026 1032
1026 1033
1026 1034
1026 1035
1026 1036
1026 1038
1026 1039
1027 889
1027 1028
1027 1039
1028 889
1028 1034
1028 1039
1030 889
1030 1032
1030 1033
1031 889
1031 1033
1032 889
1032 1031
1032 1038
1033 889
1033 1034
1033 1036
1033 1039
1033 1047
1033 1057
1033 1070
1033 1075
1033 1078
1033 1079
1033 1100
1033 1103
1033 1106
1033 1110
1033 1113
1033 1122
1033 1125
1033 1128
1033 1148
1033 1162
1033 1179
1033 1183
1033 1186
1033 1189
1033 1192
1033 1195
1033 1210
1033 1213
1033 1223
1033 1247
1034 889
1034 1035
1034 1039
1035 889
1035 1036
1035 1039
1036 889
1036 1039
1036 1047
1036 1057
1036 1070
1036 1075
1036 1078
1036 1079
1036 1100
1036 1103
1036 1106
1036 1110
1036 1113
1036 1122
1036 1125
1036 1128
1036 1148
1036 1162
1036 1179
1036 1183
1036 1186
1036 1189
1036 1192
1036 1195
1036 1210
1036 1213
1036 1223
1036 1247
1038 889
1038 1039
1039 1041
1039 1042
1039 1043
1039 1044
1039 1046
1040 889
1040 1042
1041 889
1041 1040
1041 1043
1042 889
1042 1046
1043 889
1043 1044
1043 1046
1044 889
1044 1046
1046 889
1046 1047
1046 1048
1046 1050
1046 1054
1046 1057
1046 1059
1046 1060
1046 1067
1047 889
1047 1050
1047 1057
1047 1070
1047 1075
1047 1078
1047 1079
1047 1100
1047 1103
1047 1106
1047 1108
1047 1110
1047 1113
1047 1122
1047 1125
1047 1128
1047 1148
1047 1162
1047 1179
1047 1183
1047 1186
1047 1189
1047 1192
1047 1195
1047 1210
1047 1213
1047 1223
1047 1247
1048 889
1048 1047
1048 1067
1050 889
1050 1067
1052 889
1052 1057
1052 1064
1052 1067
1053 1054
1053 1055
1054 889
1054 1055
1054 1057
1054 1067
1055 889
1055 1056
1055 1057
1055 1059
1055 1060
1055 1070
1055 1075
1055 1078
1055 1079
1055 1100
1055 1103
1055 1106
1055 1110
1055 1113
1055 1122
1055 1125
1055 1128
1055 1148
1055 1162
1055 1179
1055 1183
1055 1186
1055 1189
1055 1192
1055 1195
1055 1210
1055 1213
1055 1223
1055 1247
1056 889
1056 1057
1056 1067
1056 1070
1056 1075
1056 1078
1056 1079
1056 1100
1056 1103
1056 1106
1056 1110
1056 1113
1056 1122
1056 1125
1056 1128
1056 1148
1056 1162
1056 1179
1056 1183
1056 1186
1056 1189
1056 1192
1056 1195
1056 1210
1056 1213
1056 1223
1056 1247
1057 889
1057 1059
1057 1060
1057 1067
1057 1070
1057 1075
1057 1078
1057 1079
1057 1100
1057 1103
1057 1106
1057 1110
1057 1113
1057 1122
1057 1125
1057 1128
1057 1148
1057 1162
1057 1179
1057 1183
1057 1186
1057 1189
1057 1192
1057 1195
1057 1210
1057 1213
1057 1223
1057 1247
1059 889
1059 1067
1059 1070
1059 1075
1059 1078
1059 1079
1059 1100
1059 1103
1059 1106
1059 1110
1059 1113
1059 1122
1059 1125
1059 1128
1059 1148
1059 1162
1059 1179
1059 1183
1059 1186
1059 1189
1059 1192
1059 1195
1059 1210
1059 1213
1059 1223
1059 1247
1060 889
1064 889
1064 1067
1064 1070
1064 1075
1064 1078
1064 1079
1064 1100
1064 1103
1064 1106
1064 1110
1064 1113
1064 1122
1064 1125
1064 1128
1064 1148
1064 1162
1064 1179
1064 1183
1064 1186
1064 1189
1064 1192
1064 1195
1064 1210
1064 1213
1064 1223
1064 1247
1067 889
1067 1070
1067 1071
1067 1074
1067 1075
1067 1077
1067 1078
1067 1079
1067 1099
1067 1100
1067 1102
1067 1103
1067 1105
1067 1106
1067 1109
1067 1110
1067 1112
1067 1113
1067 1115
1067 1116
1067 1118
1067 1119
1067 1121
1067 1122
1067 1124
1067 1125
1067 1127
1067 1128
1067 1132
1067 1134
1067 1136
1067 1137
1067 1138
1067 1139
1067 1140
1067 1141
1067 1142
1067 1143
1067 1144
1067 1145
1067 1146
1067 1148
1067 1156
1067 1157
1067 1158
1067 1160
1067 1162
1067 1177
1070 889
1070 1071
1070 1075
1070 1078
1070 1079
1070 1100
1070 1103
1070 1106
1070 1110
1070 1113
1070 1122
1070 1125
1070 1128
1070 1148
1070 1158
1070 1162
1070 1179
1070 1183
1070 1186
1070 1189
1070 1192
1070 1195
1070 1210
1070 1213
1070 1223
1070 1227
1070 1247
1071 889
1071 1103
1071 1116
1071 1177
1074 889
1074 1075
1074 1116
1074 1177
1075 889
1075 1078
1075 1079
1075 1100
1075 1103
1075 1106
1075 1108
1075 1110
1075 1113
1075 1116
1075 1122
1075 1125
1075 1128
1075 1148
1075 1162
1075 1177
1075 1179
1075 1183
1075 1186
1075 1189
1075 1192
1075 1195
1075 1210
1075 1213
1075 1223
1075 1247
1077 889
1077 1078
1077 1079
1077 1116
1077 1177
1078 889
1078 1079
1078 1100
1078 1103
1078 1106
1078 1108
1078 1110
1078 1113
1078 1122
1078 1125
1078 1128
1078 1148
1078 1162
1078 1179
1078 1183
1078 1186
1078 1189
1078 1192
1078 1195
1078 1210
1078 1213
1078 1223
1078 1247
1079 889
1079 1100
1079 1103
1079 1106
1079 1110
1079 1113
1079 1116
1079 1122
1079 1125
1079 1128
1079 1148
1079 1162
1079 1177
1079 1179
1079 1183
1079 1186
1079 1189
1079 1192
1079 1195
1079 1210
1079 1213
1079 1223
1079 1247
1099 889
1099 1100
1099 1116
1099 1177
1100 889
1100 1103
1100 1106
1100 1108
1100 1110
1100 1113
1100 1116
1100 1122
1100 1125
1100 1128
1100 1148
1100 1162
1100 1177
1100 1179
1100 1183
1100 1186
1100 1189
1100 1192
1100 1195
1100 1210
1100 1213
1100 1223
1100 1247
1102 889
1102 1103
1102 1116
1102 1177
1103 889
1103 1106
1103 1108
1103 1110
1103 1113
1103 1116
1103 1122
1103 1125
1103 1128
1103 1148
1103 1162
1103 1177
1103 1179
1103 1183
1103 1186
1103 1189
1103 1192
1103 1195
1103 1210
1103 1213
1103 1223
1103 1247
1105 889
1105 1106
1105 1116
1105 1140
1106 889
1106 1108
1106 1110
1106 1113
1106 1116
1106 1122
1106 1125
1106 1128
1106 1140
1106 1148
1106 1162
1106 1179
1106 1183
1106 1186
1106 1189
1106 1192
1106 1195
1106 1210
1106 1213
1106 1223
1106 1247
1108 889
1108 1109
1108 1110
1108 1113
1108 1122
1108 1125
1108 1128
1108 1148
1108 1162
1108 1179
1108 1183
1108 1186
1108 1189
1108 1192
1108 1195
1109 1108
1109 1116
1109 1177
1110 889
1110 1113
1110 1116
1110 1122
1110 1125
1110 1128
1110 1148
1110 1162
1110 1177
1110 1179
1110 1183
1110 1186
1110 1189
1110 1192
1110 1195
1110 1210
1110 1213
1110 1223
1110 1247
1112 889
1112 1113
1112 1116
1112 1177
1113 889
1113 1116
1113 1122
1113 1125
1113 1128
1113 1148
1113 1162
1113 1177
1113 1179
1113 1183
1113 1186
1113 1189
1113 1192
1113 1195
1113 1210
1113 1213
1113 1223
1113 1247
1115 889
1115 1116
1115 1119
1115 1177
1116 889
1116 1118
1116 1119
1116 1121
1116 1122
1116 1124
1116 1125
1116 1127
1116 1128
1116 1132
1116 1134
1116 1136
1116 1137
1116 1138
1116 1139
1116 1140
1116 1141
1116 1142
1116 1143
1116 1144
1116 1145
1116 1146
1116 1148
1116 1156
1116 1157
1116 1158
1116 1160
1116 1162
1116 1177
1118 889
1118 1119
1118 1177
1119 889
1119 1177
1121 889
1121 1122
1121 1177
1122 889
1122 1125
1122 1128
1122 1148
1122 1162
1122 1177
1122 1179
1122 1183
1122 1186
1122 1189
1122 1192
1122 1195
1122 1210
1122 1213
1122 1223
1122 1247
1124 889
1124 1125
1124 1177
1125 889
1125 1128
1125 1148
1125 1162
1125 1177
1125 1179
1125 1183
1125 1186
1125 1189
1125 1192
1125 1195
1125 1210
1125 1213
1125 1223
1125 1247
1127 889
1127 1128
1127 1137
1128 889
1128 1137
1128 1148
1128 1162
1128 1179
1128 1183
1128 1186
1128 1189
1128 1192
1128 1195
1128 1210
1128 1213
1128 1223
1128 1247
1131 889
1131 1137
1132 1131
1132 1134
1132 1177
1133 889
1133 1138
1134 1133
1134 1136
1134 1177
1135 889
1135 1139
1136 889
1136 1135
1136 1177
1137 889
1137 1138
1137 1140
1138 889
1138 1139
1138 1142
1139 889
1139 1141
1139 1144
1140 1141
1140 1142
1141 889
1141 1143
1141 1148
1141 1162
1141 1179
1141 1183
1141 1186
1141 1189
1141 1192
1141 1195
1141 1210
1141 1213
1141 1223
1141 1247
1142 1143
1142 1144
1143 889
1143 1145
1143 1148
1143 1162
1143 1179
1143 1183
1143 1186
1143 1189
1143 1192
1143 1195
1143 1210
1143 1213
1143 1223
1143 1247
1144 889
1144 1145
1144 1177
1145 889
1145 1146
1145 1148
1145 1162
1145 1179
1145 1183
1145 1186
1145 1189
1145 1192
1145 1195
1145 1210
1145 1213
1145 1223
1145 1247
1146 889
1146 1148
1146 1162
1146 1177
1146 1179
1146 1183
1146 1186
1146 1189
1146 1192
1146 1195
1146 1210
1146 1213
1146 1223
1146 1247
1148 889
1148 1162
1148 1177
1148 1179
1148 1183
1148 1186
1148 1189
1148 1192
1148 1195
1148 1210
1148 1213
1148 1223
1148 1247
1156 889
1156 1157
1156 1177
1157 889
1157 1158
1157 1160
1157 1177
1158 889
1158 1162
1158 1179
1158 1183
1158 1186
1158 1189
1158 1192
1158 1195
1158 1210
1158 1213
1158 1223
1158 1227
1158 1247
1159 1160
1159 1162
1160 889
1160 1177
1162 889
1162 1177
1162 1179
1162 1183
1162 1186
1162 1189
1162 1192
1162 1195
1162 1210
1162 1213
1162 1223
1162 1247
1177 889
1177 1178
1177 1179
1177 1181
1177 1182
1177 1183
1177 1185
1177 1186
1177 1188
1177 1189
1177 1191
1177 1192
1177 1195
1177 1196
1177 1201
1177 1202
1177 1203
1177 1224
1178 889
1178 1179
1178 1181
1179 889
1179 1181
1179 1183
1179 1186
1179 1189
1179 1192
1179 1195
1179 1210
1179 1213
1179 1223
1179 1247
1181 889
1181 1203
1181 1224
1182 889
1182 1183
1182 1203
1182 1224
1183 889
1183 1186
1183 1189
1183 1192
1183 1195
1183 1203
1183 1210
1183 1213
1183 1223
1183 1224
1183 1247
1185 889
1185 1186
1185 1189
1185 1203
1185 1224
1186 889
1186 1189
1186 1192
1186 1195
1186 1203
1186 1210
1186 1213
1186 1223
1186 1224
1186 1247
1188 889
1188 1189
1188 1195
1189 889
1189 1192
1189 1195
1189 1203
1189 1210
1189 1213
1189 1223
1189 1224
1189 1247
1191 889
1191 1192
1191 1203
1191 1224
1192 889
1192 1195
1192 1203
1192 1210
1192 1213
1192 1223
1192 1224
1192 1247
1195 889
1195 1203
1195 1210
1195 1213
1195 1223
1195 1224
1195 1247
1196 889
1196 1195
1196 1201
1201 889
1201 1202
1201 1203
1201 1224
1202 889
1202 1203
1202 1204
1202 1205
1202 1206
1202 1207
1202 1208
1202 1209
1202 1210
1202 1211
1202 1212
1202 1213
1202 1224
1203 889
1203 1208
1203 1209
1203 1210
1203 1211
1203 1212
1203 1213
1203 1224
1208 889
1208 1209
1209 889
1209 1210
1209 1211
1209 1213
1210 889
1210 1211
1210 1213
1210 1223
1210 1224
1210 1247
1211 889
1211 1212
1211 1224
1212 889
1212 1224
1213 889
1213 1223
1213 1247
1223 889
1223 1227
1223 1230
1223 1246
1224 889
1224 1223
1224 1230
1224 1233
1224 1234
1224 1235
1224 1237
1224 1238
1224 1240
1224 1242
1224 1243
1224 1244
1224 1247
1224 1250
1227 889
1227 1247
1230 889
1230 1250
1233 1234
1233 1237
1234 889
1234 1235
1234 1242
1235 889
1235 1250
1237 1238
1237 1243
1238 889
1238 1240
1240 889
1240 1242
1240 1250
1242 889
1242 1250
1243 889
1243 1244
1243 1250
1244 889
1244 1250
1246 889
1246 1247
1246 1248
1247 889
1247 1250
1248 889
1248 1247
1250 889
1250 1251
1251 889
