175 176
175 178
175 179
175 181
175 182
175 183
175 185
175 188
175 194
175 195
175 196
175 200
175 203
175 208
175 213
175 214
178 176
178 179
178 181
178 182
178 188
178 194
178 195
178 199
178 200
178 203
178 212
178 213
178 214
179 176
179 188
179 200
179 208
181 176
181 182
181 185
181 200
181 208
182 176
182 183
183 176
183 185
185 176
185 188
185 200
185 208
188 176
188 185
188 194
188 195
188 196
188 200
188 203
188 208
188 213
188 214
194 176
194 195
194 196
194 200
194 203
194 208
195 176
195 196
195 200
195 208
195 214
196 176
196 200
196 203
199 200
200 176
200 203
200 208
200 213
200 214
203 176
203 207
203 208
208 176
208 213
208 214
212 176
213 176
213 214
214 176
