1386 1387
1387 1400
1387 1405
1387 1406
1387 1415
1387 1424
1387 1427
1387 1432
1387 1442
1387 1452
1387 1461
1387 1479
1387 1503
1387 1521
1387 1528
1387 1535
1387 1562
1387 1574
1387 1580
1387 1590
1387 1593
1400 1401
1400 1402
1400 1403
1400 1404
1415 1416
1415 1417
1415 1418
1415 1419
1415 1420
1415 1421
1415 1422
1415 1423
1427 1428
1427 1429
1427 1430
1427 1431
1442 1443
1442 1444
1442 1445
1442 1446
1442 1447
1442 1448
1442 1449
1442 1450
1442 1451
1461 1462
1461 1463
1461 1464
1461 1465
1461 1466
1461 1467
1461 1468
1461 1469
1461 1470
1461 1471
1461 1472
1461 1473
1461 1474
1461 1475
1461 1476
1461 1477
1461 1478
1503 1504
1503 1505
1503 1506
1503 1507
1503 1508
1503 1509
1503 1510
1503 1511
1503 1512
1503 1513
1503 1514
1503 1515
1503 1516
1503 1518
1503 1520
1528 1529
1528 1530
1528 1531
1528 1532
1528 1533
1528 1534
1562 1563
1562 1564
1562 1565
1562 1566
1562 1567
1562 1568
1562 1569
1562 1570
1562 1571
1562 1572
1562 1573
1580 1581
1580 1582
1580 1583
1580 1584
1580 1585
1580 1586
1580 1587
1580 1588
1580 1589
