1386 1401
1400 1401
1400 1405
1401 1400
1405 1406
1406 1416
1415 1416
1415 1424
1416 1415
1424 1427
1427 1430
1427 1431
1427 1432
1430 1427
1431 1427
1432 1443
1442 1443
1442 1452
1443 1442
1452 1462
1461 1462
1461 1479
1462 1461
1479 1504
1503 1504
1503 1521
1504 1503
1521 1529
1528 1529
1528 1535
1529 1528
1535 1563
1562 1563
1562 1574
1563 1562
1574 1580
1580 1583
1580 1584
1580 1585
1580 1586
1580 1587
1580 1588
1580 1589
1580 1590
1583 1580
1584 1580
1585 1580
1586 1580
1587 1580
1588 1580
1589 1580
1590 1593
1593 1387
