993 994
994 995
994 996
994 997
994 998
994 1002
994 1004
994 1005
994 1066
994 1067
998 999
999 1000
1005 1006
1005 1007
1005 1008
1005 1009
1005 1010
1005 1011
1011 1012
1011 1013
1011 1016
1011 1019
1011 1020
1011 1021
1011 1022
1013 1014
1016 1017
1022 1023
1022 1024
1022 1027
1022 1030
1022 1031
1022 1032
1022 1033
1024 1025
1027 1028
1033 1034
1033 1035
1033 1036
1033 1037
1033 1038
1033 1039
1033 1040
1040 1041
1040 1042
1040 1043
1040 1044
1040 1045
1040 1046
1046 1047
1046 1048
1046 1054
1046 1060
1046 1061
1046 1062
1046 1063
1048 1049
1048 1050
1048 1051
1048 1052
1054 1055
1054 1056
1054 1057
1054 1058
1063 1064
