993 995
995 996
996 997
997 998
998 999
998 1002
999 1000
999 1002
1000 999
1002 1004
1004 1005
1005 1006
1005 1011
1006 1007
1007 1008
1008 1009
1009 1010
1010 1066
1011 1012
1011 1022
1012 1013
1013 1014
1013 1016
1014 1016
1016 1017
1016 1019
1017 1019
1019 1020
1020 1021
1021 1066
1022 1023
1022 1033
1023 1024
1024 1025
1024 1027
1025 1027
1027 1028
1027 1030
1028 1030
1030 1031
1031 1032
1032 1066
1033 1034
1033 1040
1034 1035
1035 1036
1036 1037
1037 1038
1038 1039
1039 1066
1040 1041
1040 1046
1041 1042
1042 1043
1043 1044
1044 1045
1045 1066
1046 1047
1046 1064
1047 1048
1048 1049
1048 1054
1049 1050
1050 1051
1051 1052
1052 1054
1054 1055
1054 1060
1055 1056
1056 1057
1057 1058
1058 1060
1060 1061
1061 1062
1062 1066
1064 1066
1066 1067
1067 993
