209 210
209 212
209 213
209 214
209 216
209 217
209 218
209 220
209 221
209 226
209 227
209 228
209 230
209 234
209 235
209 236
209 238
209 244
209 246
209 247
209 249
209 297
210 209
210 216
210 226
212 209
212 213
213 209
213 214
213 217
213 220
213 221
213 226
213 227
213 234
213 238
213 246
213 249
214 209
214 216
214 217
214 218
214 220
214 226
214 227
214 234
214 238
214 246
214 249
216 209
216 217
217 209
217 220
217 221
217 226
217 227
217 235
218 209
218 217
218 220
218 226
218 227
218 234
218 238
218 246
218 249
220 209
220 226
220 227
220 234
220 238
220 246
220 249
221 209
226 209
226 227
226 234
226 238
226 246
226 249
227 209
227 230
227 234
227 238
227 246
227 249
228 209
228 227
228 234
228 238
228 246
228 249
230 209
230 234
234 209
234 238
234 244
235 209
235 234
235 238
235 246
235 249
236 209
236 234
236 238
236 246
236 249
238 209
238 246
238 249
244 209
244 246
246 209
246 249
247 209
247 246
247 249
249 209
249 297
297 209
