388 393
388 394
388 397
388 399
388 405
388 406
388 407
388 408
388 412
388 413
388 416
388 420
388 422
388 424
388 426
393 388
393 397
393 405
393 406
393 408
393 412
393 413
393 416
393 422
394 388
394 399
394 424
397 388
397 399
397 420
397 424
399 388
399 397
399 420
399 424
405 388
405 406
405 408
406 388
406 405
406 408
406 412
406 413
406 416
406 422
407 388
407 420
408 407
408 412
408 413
408 416
408 422
412 388
412 413
412 414
412 416
412 417
412 422
413 388
413 414
413 416
413 422
414 388
414 413
414 416
414 422
416 388
416 417
416 422
417 388
417 422
420 388
422 420
422 426
424 388
424 420
426 388
426 420
426 424
