8478 8479
8478 8480
8478 8484
8478 8486
8478 8487
8478 8488
8478 8489
8478 8490
8478 8491
8478 8492
8478 8493
8478 8494
8478 8495
8478 8496
8478 8497
8478 8499
8478 8500
8478 8501
8478 8505
8478 8506
8478 8507
8478 8508
8478 8509
8478 8510
8478 8514
8478 8515
8478 8519
8478 8523
8478 8524
8478 8525
8478 8527
8478 8528
8478 8529
8478 8530
8478 8531
8478 8532
8478 8533
8478 8534
8478 8538
8478 8542
8478 8546
8478 8547
8478 8548
8478 8552
8478 8553
8478 8554
8478 8555
8478 8556
8478 8557
8478 8558
8478 8559
8478 8560
8478 8561
8478 8562
8478 8563
8478 8564
8478 8565
8478 8566
8478 8567
8478 8568
8478 8569
8478 8570
8478 8571
8478 8572
8478 8573
8478 8574
8478 8575
8478 8577
8478 8578
8478 8580
8478 8581
8478 8582
8478 8590
8478 8591
8478 8592
8478 8600
8478 8601
8478 8602
8478 8603
8478 8604
8478 8605
8478 8606
8478 8607
8478 8608
8478 8609
8478 8611
8478 8613
8478 8614
8478 8615
8480 8481
8501 8502
8502 8503
8510 8511
8511 8512
8515 8516
8516 8517
8519 8520
8519 8521
8525 8526
8534 8535
8535 8536
8538 8539
8539 8540
8542 8543
8543 8544
8548 8549
8549 8550
8582 8583
8583 8584
8583 8585
8583 8586
8592 8593
8593 8594
8593 8595
8593 8596
8615 8616
8615 8617
8615 8618
8615 8619
