8478 8479
8480 8481
8480 8484
8481 8484
8484 8486
8486 8487
8487 8488
8488 8489
8489 8490
8490 8491
8491 8492
8492 8493
8493 8494
8494 8495
8495 8496
8496 8497
8497 8499
8499 8500
8500 8501
8501 8502
8501 8505
8505 8506
8506 8507
8507 8508
8508 8509
8509 8510
8510 8511
8510 8514
8514 8515
8515 8516
8515 8519
8519 8520
8519 8523
8520 8521
8523 8524
8524 8525
8525 8527
8527 8528
8528 8529
8529 8530
8530 8531
8531 8532
8532 8533
8533 8534
8534 8535
8534 8538
8538 8539
8538 8542
8542 8543
8542 8546
8546 8547
8547 8548
8548 8549
8548 8552
8552 8553
8553 8554
8554 8555
8555 8556
8556 8557
8557 8558
8558 8559
8559 8560
8560 8480
8560 8561
8561 8562
8562 8563
8563 8564
8564 8565
8565 8566
8566 8567
8567 8568
8568 8569
8569 8570
8570 8571
8571 8572
8572 8573
8573 8574
8574 8575
8575 8577
8578 8580
8580 8581
8581 8582
8582 8583
8582 8590
8583 8584
8584 8585
8585 8586
8590 8591
8591 8592
8592 8593
8592 8600
8593 8594
8594 8595
8595 8596
8600 8601
8601 8602
8602 8603
8603 8604
8604 8605
8605 8606
8606 8607
8607 8608
8608 8609
8609 8611
8611 8613
8613 8614
8614 8615
8615 8478
8615 8616
8616 8617
8617 8618
8618 8619
