362 363
362 364
364 365
364 367
364 368
364 375
364 376
364 377
364 378
364 379
364 455
368 369
368 370
370 371
370 372
372 373
379 380
379 381
379 387
379 394
379 396
379 399
379 401
381 382
381 383
383 384
387 388
387 389
387 390
390 391
394 395
396 397
399 400
401 402
401 416
402 403
402 404
402 405
405 406
405 407
405 408
405 409
405 410
405 411
411 412
411 413
416 418
418 420
418 449
418 450
418 451
420 422
420 423
420 424
420 425
425 426
425 427
425 428
425 436
425 437
428 429
428 433
428 434
429 430
429 431
437 438
437 441
437 442
438 439
442 443
442 444
455 456
