362 365
365 367
367 368
368 369
368 370
369 375
370 371
370 372
371 375
372 373
372 375
373 375
375 376
376 377
378 379
379 380
379 455
380 381
381 382
381 387
382 383
383 384
383 387
384 387
387 388
387 394
388 389
389 390
390 387
390 391
391 387
394 395
395 394
396 399
399 400
400 399
402 403
403 404
404 405
405 406
405 412
406 407
407 408
408 409
409 410
412 413
420 422
420 449
422 423
423 424
424 425
425 449
426 427
427 428
428 429
428 436
429 430
430 431
433 449
436 437
437 438
437 443
438 439
438 449
439 449
443 444
449 450
450 451
455 362
455 456
456 362
