231 234
231 235
231 239
231 240
231 241
231 242
231 243
231 244
231 245
231 246
231 248
231 249
231 251
231 255
231 256
231 257
231 258
231 260
231 261
231 262
231 263
231 264
231 265
231 266
231 267
231 268
231 269
231 270
231 273
231 274
231 276
234 232
234 239
235 232
235 234
235 248
239 232
239 240
239 242
240 232
240 241
240 243
241 232
241 244
241 248
241 255
242 232
242 243
243 232
243 244
243 245
244 232
244 245
244 255
245 232
245 255
246 232
248 232
248 249
248 251
249 232
249 255
251 232
251 255
251 256
251 257
255 232
255 257
256 232
256 255
256 257
257 232
257 258
258 232
258 260
260 232
260 261
261 232
261 262
262 232
262 263
263 232
263 264
264 232
264 265
265 232
265 266
266 232
266 267
267 232
267 268
268 232
268 269
269 232
269 270
270 232
270 273
273 232
273 274
274 232
274 276
276 232
