12278 12279
12278 12280
12278 12281
12278 12282
12278 12283
12278 12289
12278 12290
12278 12360
12278 12362
12278 12363
12278 12375
12283 12284
12283 12285
12285 12286
12290 12291
12290 12321
12290 12324
12290 12338
12290 12344
12290 12349
12290 12350
12290 12351
12290 12352
12290 12353
12290 12354
12290 12355
12290 12357
12291 12292
12292 12293
12292 12294
12292 12295
12292 12296
12296 12297
12297 12298
12297 12313
12298 12299
12298 12302
12299 12300
12300 12301
12302 12303
12302 12305
12303 12304
12305 12306
12305 12307
12307 12309
12307 12310
12315 12316
12315 12317
12324 12325
12324 12327
12324 12328
12324 12329
12324 12330
12324 12331
12324 12332
12324 12333
12324 12334
12325 12326
12338 12339
12344 12345
12344 12346
12363 12364
12363 12370
12364 12367
12367 12368
12370 12371
12375 12376
12376 12377
12378 12379
