12278 12279
12279 12280
12280 12281
12281 12282
12282 12283
12283 12284
12283 12285
12284 12289
12285 12286
12285 12289
12286 12289
12289 12291
12291 12293
12291 12321
12293 12294
12294 12295
12295 12296
12296 12297
12297 12296
12298 12299
12298 12300
12298 12303
12299 12298
12300 12313
12303 12305
12305 12306
12305 12309
12306 12313
12309 12310
12310 12313
12313 12278
12316 12317
12317 12321
12321 12324
12324 12325
12324 12338
12325 12326
12325 12327
12326 12325
12327 12328
12328 12329
12329 12330
12330 12331
12331 12332
12332 12333
12333 12334
12334 12278
12338 12339
12338 12344
12339 12344
12344 12345
12344 12349
12345 12346
12346 12278
12349 12350
12350 12351
12351 12352
12352 12353
12353 12354
12354 12355
12355 12357
12357 12360
12360 12362
12362 12364
12364 12367
12364 12370
12367 12368
12367 12370
12368 12367
12370 12371
12370 12375
12371 12375
12375 12278
12375 12377
12377 12278
12377 12379
12379 12278
