729 730
729 731
729 733
729 741
729 742
729 747
729 749
729 750
729 751
729 753
729 754
729 764
729 766
729 767
729 769
729 770
729 771
729 774
729 789
729 853
729 856
729 857
729 858
729 859
729 860
729 861
729 862
729 863
729 864
729 866
729 868
733 734
733 735
733 736
736 737
736 738
742 743
742 744
744 745
754 755
754 756
754 757
754 758
754 759
754 760
754 762
760 761
771 772
774 776
774 777
774 780
774 781
774 782
774 784
782 783
784 785
789 791
789 792
789 793
789 800
789 802
789 804
793 794
793 796
794 795
796 797
797 798
800 801
802 803
804 806
804 829
806 807
806 808
806 816
806 817
806 818
806 825
808 809
808 810
810 811
810 812
812 813
818 819
818 821
819 820
821 822
822 823
825 826
829 830
829 831
829 839
829 840
829 841
829 848
831 832
831 833
833 834
833 835
835 836
841 842
841 844
842 843
844 845
845 846
848 849
