729 730
730 731
733 734
733 737
734 735
735 741
737 738
738 741
742 743
742 745
743 747
745 747
747 749
749 750
750 751
751 753
753 754
754 755
754 764
755 756
756 757
757 758
758 759
759 760
760 761
760 762
761 760
764 766
766 767
767 769
769 770
770 771
771 772
771 776
771 789
772 771
776 777
777 780
780 781
781 782
782 783
782 784
783 782
784 785
784 789
785 784
789 791
789 806
791 792
792 794
792 797
794 795
794 800
795 794
797 798
797 800
798 797
800 801
800 802
801 800
802 803
802 853
803 802
806 807
806 829
807 808
808 809
808 810
809 816
810 811
810 812
811 816
812 813
812 816
813 816
816 817
817 819
817 822
819 820
819 825
820 819
822 823
822 825
823 822
825 826
825 829
826 825
829 830
829 853
830 831
831 832
831 833
832 839
833 834
833 835
834 839
835 836
835 839
836 839
839 840
840 842
840 845
842 843
842 848
843 842
845 846
845 848
846 845
848 849
848 853
849 848
853 856
856 857
857 858
858 859
859 860
860 861
861 862
862 863
863 864
864 866
866 868
868 729
