729 730
729 731
729 733
729 734
729 735
729 737
729 738
729 741
729 742
729 743
729 745
729 747
729 749
729 750
729 751
729 753
729 754
729 755
729 756
729 757
729 758
729 759
729 760
729 762
729 764
729 766
729 767
729 769
729 770
729 771
729 774
729 776
729 777
729 780
729 781
729 782
729 784
729 785
729 789
729 791
729 792
729 793
729 794
729 797
729 800
729 801
729 802
729 803
729 806
729 807
729 808
729 809
729 810
729 811
729 812
729 813
729 816
729 817
729 818
729 819
729 822
729 825
729 826
729 829
729 830
729 831
729 832
729 833
729 834
729 835
729 836
729 839
729 840
729 841
729 842
729 845
729 848
729 849
729 853
729 856
729 857
729 858
729 859
729 860
729 861
729 862
729 863
729 864
729 866
729 868
730 729
730 731
730 733
730 741
731 729
731 734
731 737
731 741
733 729
733 734
733 735
733 737
733 738
733 742
734 729
734 735
734 741
735 729
735 741
737 729
737 738
737 741
738 729
738 741
741 729
741 742
741 743
741 747
741 750
742 729
742 743
742 745
742 749
743 729
743 747
743 750
745 747
747 729
747 750
749 729
749 789
750 729
750 751
750 789
750 806
751 729
751 753
751 789
751 829
753 729
753 755
753 764
754 729
754 755
754 756
754 757
754 758
754 759
754 760
754 761
754 762
755 729
755 756
756 729
756 757
757 729
757 756
757 758
758 729
758 759
759 729
759 758
759 760
760 729
760 762
762 729
762 755
762 760
762 764
764 729
764 769
764 771
766 769
767 769
769 729
769 770
770 729
770 771
770 772
771 729
771 776
771 777
771 784
771 791
771 800
771 816
771 825
771 839
771 848
771 853
771 866
772 771
776 729
776 777
777 729
777 780
777 784
780 729
780 781
781 729
781 782
782 729
782 784
782 785
784 729
784 791
784 792
784 800
784 816
784 817
784 825
784 839
784 840
784 848
784 853
784 866
785 784
789 729
789 791
789 792
789 794
789 795
789 797
789 798
789 800
789 801
789 802
789 803
789 806
789 829
791 729
791 792
792 729
792 794
792 797
794 729
794 800
794 801
797 729
797 800
797 801
800 729
800 802
800 803
801 800
802 729
802 853
802 866
803 802
806 729
806 807
806 808
806 816
806 817
806 819
806 820
806 822
806 823
806 825
806 826
807 729
807 819
807 822
808 729
808 809
808 810
809 729
809 819
809 822
810 729
810 811
810 812
811 729
811 819
811 822
812 729
812 813
813 729
813 819
813 822
816 729
816 817
817 729
817 819
817 822
819 729
819 825
819 826
822 729
822 825
822 826
825 729
825 839
825 840
825 848
825 853
825 866
826 825
829 729
829 830
829 831
829 839
829 840
829 842
829 843
829 845
829 846
829 848
829 849
830 729
830 842
830 845
831 729
831 832
831 833
832 729
832 842
832 845
833 729
833 834
833 835
834 729
834 842
834 845
835 729
835 836
836 729
836 842
836 845
839 729
839 840
840 729
840 842
840 845
842 729
842 848
842 849
845 729
845 848
845 849
848 729
848 853
848 866
849 848
853 729
853 856
856 729
856 857
857 729
857 863
858 859
859 729
859 860
859 863
860 729
860 861
860 863
861 729
861 862
861 863
862 729
862 863
863 729
863 864
864 729
864 866
866 729
868 729
