2878 2879
2878 2880
2878 2881
2881 2882
2881 2884
2881 2925
2881 2929
2881 2949
2881 2952
2881 2974
2881 2985
2881 2986
2881 2988
2881 2989
2884 2885
2884 2886
2884 2888
2884 2914
2888 2891
2888 2896
2891 2892
2891 2894
2892 2893
2896 2901
2896 2903
2896 2904
2901 2902
2904 2905
2904 2908
2904 2909
2905 2906
2905 2907
2909 2910
2914 2916
2925 2926
2925 2927
2925 2928
2929 2930
2929 2942
2929 2943
2929 2944
2929 2945
2929 2946
2930 2933
2930 2935
2930 2936
2930 2937
2949 2950
2952 2953
2952 2954
2952 2955
2952 2960
2952 2961
2952 2962
2952 2965
2952 2966
2955 2956
2955 2958
2956 2957
2962 2963
2966 2968
2966 2969
2974 2976
2976 2977
2976 2980
2976 2981
2976 2982
2977 2978
2986 2987
