2878 2882
2885 2886
2886 2888
2888 2891
2888 2901
2891 2892
2891 2925
2892 2893
2892 2894
2893 2892
2894 2878
2901 2902
2901 2903
2902 2901
2903 2904
2904 2905
2904 2925
2905 2906
2905 2908
2906 2907
2907 2905
2908 2909
2909 2910
2909 2925
2910 2925
2916 2925
2925 2927
2925 2928
2925 2929
2927 2925
2928 2925
2929 2949
2930 2933
2930 2942
2933 2935
2935 2936
2936 2937
2937 2878
2942 2943
2943 2944
2944 2945
2945 2946
2946 2949
2949 2950
2949 2952
2950 2949
2952 2953
2952 2968
2953 2954
2954 2955
2955 2956
2955 2960
2956 2957
2956 2958
2957 2956
2958 2878
2960 2961
2961 2963
2961 2965
2963 2965
2965 2974
2968 2969
2969 2974
2974 2977
2974 2985
2978 2980
2980 2981
2981 2982
2982 2878
2985 2986
2986 2988
2988 2989
2989 2878
