2878 2879
2878 2880
2878 2881
2878 2882
2878 2885
2878 2886
2878 2888
2878 2891
2878 2892
2878 2894
2878 2901
2878 2903
2878 2904
2878 2905
2878 2906
2878 2908
2878 2909
2878 2910
2878 2916
2878 2925
2878 2927
2878 2928
2878 2929
2878 2930
2878 2933
2878 2935
2878 2936
2878 2937
2878 2942
2878 2943
2878 2944
2878 2945
2878 2946
2878 2949
2878 2950
2878 2952
2878 2953
2878 2954
2878 2955
2878 2956
2878 2958
2878 2960
2878 2961
2878 2962
2878 2963
2878 2965
2878 2968
2878 2969
2878 2975
2878 2977
2878 2978
2878 2980
2878 2981
2878 2982
2878 2985
2878 2986
2878 2988
2878 2989
2879 2878
2879 2888
2879 2925
2879 2949
2879 2986
2880 2878
2880 2885
2880 2954
2881 2878
2881 2960
2881 2986
2882 2878
2882 2886
2882 2936
2882 2943
2882 2953
2882 2969
2885 2878
2885 2886
2885 2891
2885 2901
2885 2903
2885 2909
2885 2925
2885 2927
2885 2929
2885 2954
2886 2878
2886 2891
2886 2903
2886 2904
2886 2908
2886 2935
2886 2936
2886 2943
2886 2953
2886 2968
2886 2969
2888 2878
2888 2891
2888 2901
2888 2903
2888 2904
2888 2925
2888 2929
2891 2878
2891 2892
2891 2894
2891 2925
2891 2929
2891 2936
2891 2943
2891 2953
2891 2954
2891 2969
2891 2975
2892 2878
2892 2893
2894 2878
2901 2902
2901 2925
2901 2933
2901 2942
2901 2956
2901 2980
2903 2904
2903 2936
2903 2943
2903 2953
2903 2969
2904 2905
2904 2906
2904 2907
2904 2908
2904 2909
2904 2936
2904 2943
2904 2953
2904 2954
2904 2969
2904 2975
2905 2878
2905 2908
2906 2878
2906 2905
2908 2936
2908 2943
2908 2953
2908 2954
2908 2969
2908 2975
2909 2910
2909 2925
2909 2927
2909 2929
2910 2925
2910 2927
2910 2929
2916 2925
2916 2927
2916 2929
2925 2927
2925 2928
2925 2933
2925 2942
2925 2956
2925 2980
2927 2925
2927 2928
2928 2925
2928 2929
2929 2930
2929 2933
2929 2935
2929 2942
2929 2944
2929 2945
2929 2949
2929 2952
2930 2933
2930 2935
2930 2936
2930 2937
2930 2942
2930 2943
2930 2944
2930 2945
2930 2946
2930 2949
2930 2952
2935 2936
2935 2937
2937 2878
2942 2956
2942 2980
2943 2945
2943 2946
2944 2878
2944 2945
2945 2946
2945 2952
2946 2953
2946 2968
2946 2969
2949 2950
2949 2986
2950 2949
2952 2953
2952 2954
2952 2955
2952 2968
2952 2969
2952 2974
2953 2954
2953 2965
2954 2955
2954 2956
2954 2961
2954 2963
2954 2965
2954 2975
2955 2956
2955 2957
2955 2958
2955 2960
2955 2961
2955 2963
2955 2965
2955 2974
2958 2878
2960 2961
2961 2963
2961 2965
2961 2977
2961 2986
2963 2965
2963 2977
2963 2986
2965 2975
2965 2977
2965 2978
2965 2981
2965 2985
2968 2969
2968 2975
2968 2977
2968 2986
2969 2975
2969 2977
2969 2978
2969 2981
2969 2985
2974 2977
2974 2980
2974 2981
2974 2982
2974 2985
2974 2986
2974 2988
2974 2989
2975 2977
2975 2978
2975 2981
2975 2985
2977 2978
2977 2980
2977 2981
2977 2982
2978 2980
2978 2981
2978 2982
2982 2878
2985 2986
2985 2988
2986 2988
2986 2989
2989 2878
