88 89
88 90
88 91
88 92
88 93
88 94
88 95
88 96
88 97
88 98
88 99
88 100
88 101
88 102
88 103
88 106
88 107
88 108
88 109
88 110
88 111
88 112
88 113
88 114
88 115
88 116
89 88
89 90
89 91
89 92
89 93
89 94
89 95
89 96
89 97
89 98
89 99
89 100
89 102
89 103
89 106
89 107
89 108
89 109
89 110
89 111
89 112
89 113
89 114
89 115
89 116
90 88
90 91
90 92
90 93
90 94
90 95
90 96
90 97
90 98
90 99
90 100
90 102
90 103
90 106
90 107
90 108
90 109
90 110
90 111
90 112
90 113
90 114
90 115
90 116
91 88
91 92
91 93
91 94
91 95
91 96
91 97
91 98
91 99
91 100
91 102
91 103
91 106
91 107
91 108
91 109
91 110
91 111
91 112
91 113
91 114
91 115
91 116
92 88
92 93
92 94
92 95
92 96
92 97
92 98
92 99
92 100
92 102
92 103
92 106
92 107
92 108
92 109
92 110
92 111
92 112
92 113
92 114
92 115
92 116
93 88
93 94
93 95
93 96
93 97
93 98
93 99
93 100
93 102
93 103
93 106
93 107
93 108
93 109
93 110
93 111
93 112
93 113
93 114
93 115
93 116
94 88
94 95
94 96
94 97
94 98
94 99
94 100
94 102
94 103
94 106
94 107
94 108
94 109
94 110
94 111
94 112
94 113
94 114
94 115
94 116
95 88
95 96
95 97
95 98
95 99
95 100
95 102
95 103
95 106
95 107
95 108
95 109
95 110
95 111
95 112
95 113
95 114
95 115
95 116
96 88
96 97
96 98
96 99
96 100
96 102
96 103
96 106
96 107
96 108
96 109
96 110
96 111
96 112
96 113
96 114
96 115
96 116
97 88
97 98
97 99
97 100
97 102
97 103
97 106
97 107
97 108
97 109
97 110
97 111
97 112
97 113
97 114
97 115
97 116
98 88
98 99
98 100
98 102
98 103
98 106
98 107
98 108
98 109
98 110
98 111
98 112
98 113
98 114
98 115
98 116
99 88
99 100
99 102
99 103
99 106
99 107
99 108
99 109
99 110
99 111
99 112
99 113
99 114
99 115
99 116
100 88
100 101
100 102
100 103
100 106
100 107
100 108
100 109
100 110
100 111
100 112
100 113
100 114
100 115
100 116
101 88
101 102
102 88
102 103
102 106
102 107
102 108
102 109
102 110
102 111
102 112
102 113
102 114
102 115
102 116
103 88
103 106
103 107
103 108
103 109
103 110
103 111
103 112
103 113
103 114
103 115
103 116
106 88
106 107
106 108
106 109
106 110
106 111
106 112
106 113
106 114
106 115
106 116
107 88
107 108
107 109
107 110
107 111
107 112
107 113
107 114
107 115
107 116
108 88
108 109
108 110
108 111
108 112
108 113
108 114
108 115
108 116
109 88
109 110
109 111
109 112
109 113
109 114
109 115
109 116
110 88
110 111
110 112
110 113
110 114
110 115
110 116
111 88
111 112
111 113
111 114
111 115
111 116
112 88
112 113
112 114
112 115
112 116
113 88
113 114
113 115
113 116
114 88
114 115
114 116
115 88
115 116
116 88
