63 64
64 72
64 117
64 315
72 75
72 77
77 79
77 86
79 82
86 89
86 90
86 91
86 93
86 96
86 98
91 92
93 94
98 100
98 101
98 102
98 104
117 119
117 122
117 123
117 210
117 218
117 309
123 125
123 127
123 133
127 130
133 135
133 160
135 137
135 148
137 139
137 142
137 143
137 144
137 145
137 146
139 140
148 152
148 153
148 154
148 156
156 157
160 162
162 164
162 175
164 166
164 169
164 170
164 171
164 172
164 173
166 167
175 176
175 185
175 195
176 178
176 179
179 181
185 187
185 188
185 189
185 190
185 191
185 192
185 193
195 196
218 222
218 228
218 229
218 230
218 231
218 235
218 248
218 303
222 224
235 236
235 238
236 237
238 240
238 241
241 242
248 250
248 275
250 254
250 255
250 256
250 260
256 257
260 266
260 267
260 268
260 271
268 269
275 277
277 281
277 282
277 283
277 287
283 284
287 292
287 293
287 294
287 295
295 296
309 310
