409 410
409 411
409 412
409 414
409 416
409 433
409 440
409 446
409 449
409 463
409 465
409 467
409 474
409 477
409 495
409 497
409 500
409 504
409 507
409 516
409 525
409 527
409 538
409 554
409 564
409 572
409 680
409 688
409 787
409 795
409 910
409 918
409 1030
409 1037
409 1038
416 417
416 418
416 419
416 420
416 421
416 422
416 423
416 424
416 425
416 426
416 427
416 428
416 429
416 430
433 435
433 436
441 442
442 443
449 450
449 451
453 455
453 460
455 456
455 457
457 458
467 468
467 469
467 470
474 475
478 479
478 480
478 481
478 483
478 485
478 486
478 492
486 487
486 488
486 489
497 498
500 501
507 508
507 509
507 510
507 511
507 512
507 513
517 518
518 519
519 520
519 521
527 528
527 529
527 530
527 532
527 533
538 539
538 540
538 541
538 542
538 543
538 544
538 545
538 546
538 547
538 548
538 550
554 555
554 556
558 559
559 560
564 565
572 573
572 574
572 575
572 576
572 577
579 580
580 581
580 582
580 585
580 591
580 592
580 606
580 608
580 609
580 636
580 637
580 641
580 648
580 655
580 661
580 665
580 666
580 676
582 583
585 586
586 587
592 593
593 594
593 595
593 596
596 597
596 598
596 599
596 600
603 604
609 610
609 611
609 613
609 614
609 615
609 629
609 631
616 617
616 622
616 623
616 624
617 618
617 619
619 620
624 625
629 630
631 632
637 638
641 642
641 644
642 643
644 645
648 649
648 651
649 650
651 652
655 656
655 657
657 658
661 662
661 663
666 667
666 669
666 670
666 672
667 668
670 671
672 673
680 681
688 689
688 690
688 691
688 692
688 693
695 696
696 697
696 700
696 752
696 753
696 783
697 698
700 701
700 748
701 702
701 703
701 707
701 709
701 711
701 712
701 713
701 742
701 745
703 704
707 708
714 715
714 720
714 721
714 722
714 725
714 728
714 731
714 734
714 737
715 716
715 717
717 718
722 723
725 726
728 729
731 732
734 735
737 738
742 743
745 746
748 749
753 754
753 756
753 758
753 760
753 761
753 778
753 779
754 755
762 763
762 768
762 769
762 771
762 774
763 764
763 765
765 766
771 772
774 775
779 780
787 788
795 796
795 797
795 798
795 799
795 800
802 803
803 804
803 806
803 809
803 820
803 822
803 823
803 850
803 851
803 895
803 898
803 906
806 807
809 810
810 811
810 812
810 813
813 814
817 818
823 824
823 825
823 827
823 828
823 829
823 843
823 845
830 831
830 836
830 837
830 838
831 832
831 833
833 834
838 839
843 844
845 846
851 852
852 853
852 854
852 855
852 859
852 861
852 863
852 864
852 865
852 891
855 856
859 860
866 867
866 872
866 873
866 874
866 877
866 880
866 883
866 886
867 868
867 869
869 870
874 875
877 878
880 881
883 884
886 887
891 892
895 896
898 899
898 902
899 900
902 903
910 911
918 919
918 920
918 921
918 922
918 923
925 926
926 927
926 929
926 932
926 943
926 945
926 946
926 973
926 974
926 1016
926 1018
926 1026
929 930
932 933
933 934
933 935
933 936
936 937
940 941
946 947
946 948
946 950
946 951
946 952
946 966
946 968
953 954
953 959
953 960
953 961
954 955
954 956
956 957
961 962
966 967
968 969
974 975
975 976
975 978
975 979
975 983
975 985
975 987
975 988
975 989
975 1012
979 980
983 984
990 991
990 996
990 997
990 998
990 1001
990 1004
990 1007
991 992
991 993
993 994
998 999
1001 1002
1004 1005
1007 1008
1012 1013
1018 1019
1018 1022
1019 1020
1022 1023
1030 1031
