409 410
409 411
409 412
409 414
409 416
409 430
409 433
409 436
409 440
409 442
409 443
409 446
409 449
409 450
409 455
409 456
409 458
409 460
409 463
409 465
409 467
409 468
409 474
409 477
409 479
409 480
409 481
409 483
409 485
409 486
409 492
409 495
409 497
409 500
409 504
409 507
409 508
409 510
409 516
409 519
409 525
409 527
409 538
409 539
409 540
409 541
409 554
409 555
409 559
409 560
409 564
409 572
409 573
409 575
409 581
409 582
409 585
409 586
409 591
409 593
409 594
409 595
409 596
409 604
409 606
409 608
409 609
409 610
409 611
409 613
409 614
409 615
409 617
409 618
409 620
409 622
409 623
409 624
409 625
409 629
409 630
409 631
409 636
409 637
409 638
409 641
409 642
409 643
409 645
409 648
409 649
409 650
409 652
409 655
409 656
409 658
409 661
409 663
409 665
409 666
409 667
409 668
409 669
409 670
409 671
409 673
409 676
409 680
409 688
409 689
409 691
409 697
409 700
409 701
409 702
409 703
409 704
409 707
409 708
409 709
409 711
409 712
409 713
409 715
409 716
409 718
409 720
409 721
409 722
409 723
409 725
409 726
409 728
409 729
409 731
409 732
409 734
409 735
409 737
409 738
409 742
409 743
409 745
409 749
409 752
409 753
409 754
409 755
409 756
409 758
409 760
409 761
409 763
409 764
409 766
409 768
409 769
409 771
409 772
409 774
409 775
409 778
409 780
409 783
409 787
409 795
409 796
409 798
409 804
409 806
409 810
409 811
409 812
409 813
409 818
409 820
409 822
409 823
409 824
409 825
409 827
409 828
409 829
409 831
409 832
409 834
409 836
409 837
409 838
409 839
409 843
409 844
409 845
409 850
409 851
409 852
409 853
409 854
409 855
409 856
409 859
409 860
409 861
409 863
409 864
409 865
409 867
409 868
409 870
409 872
409 873
409 874
409 875
409 877
409 878
409 880
409 881
409 883
409 884
409 886
409 887
409 891
409 892
409 895
409 898
409 899
409 903
409 906
409 910
409 918
409 919
409 921
409 927
409 929
409 933
409 934
409 935
409 936
409 941
409 943
409 945
409 946
409 947
409 948
409 950
409 951
409 952
409 954
409 955
409 957
409 959
409 960
409 961
409 962
409 966
409 967
409 968
409 973
409 974
409 975
409 976
409 978
409 979
409 980
409 983
409 984
409 985
409 987
409 988
409 989
409 991
409 992
409 994
409 996
409 997
409 998
409 999
409 1001
409 1002
409 1004
409 1005
409 1007
409 1008
409 1012
409 1013
409 1016
409 1018
409 1019
409 1023
409 1026
409 1030
409 1037
409 1038
410 409
410 411
410 414
410 416
410 430
410 433
410 436
410 465
410 467
410 477
410 479
410 608
410 665
410 700
410 701
410 702
410 704
410 752
410 822
410 851
410 852
410 854
410 856
410 945
410 974
410 975
410 978
410 980
411 409
411 412
412 409
412 414
414 409
414 416
414 430
416 409
416 433
430 409
433 409
433 436
433 442
436 409
436 433
436 443
436 468
440 443
442 409
442 446
442 458
442 460
443 409
443 442
443 450
443 458
446 449
449 409
449 460
450 409
450 449
450 468
450 474
450 510
455 409
455 456
455 458
455 608
455 700
455 822
455 945
456 409
456 460
458 409
458 460
460 409
460 455
460 458
460 463
460 519
460 559
460 581
460 697
460 804
460 927
463 409
463 465
465 409
465 467
467 409
467 474
467 507
468 467
468 474
468 508
474 409
474 483
474 497
477 409
477 479
479 409
479 480
479 483
480 409
480 481
480 485
481 409
481 485
483 409
483 479
483 485
485 409
485 486
486 409
486 492
492 479
492 480
492 481
492 483
492 485
492 486
492 495
495 409
495 497
497 409
497 500
497 508
500 409
500 504
504 507
507 409
507 516
507 538
508 507
508 510
508 539
510 507
510 539
510 575
516 519
516 525
518 519
518 520
519 409
519 518
519 525
519 636
519 697
519 895
519 1016
525 527
527 409
527 538
538 409
538 554
539 538
539 555
540 538
540 541
541 409
541 538
554 409
554 559
554 572
555 554
555 573
559 409
559 560
559 564
560 409
564 572
572 409
572 581
572 680
572 688
573 572
573 575
573 689
575 572
575 642
575 645
575 689
575 691
580 581
580 582
580 583
580 585
580 591
580 592
580 604
580 606
580 608
580 609
580 636
580 637
580 641
580 648
580 655
580 661
580 663
580 665
580 666
580 676
581 409
581 582
582 409
582 586
582 629
582 642
582 645
583 409
583 582
583 807
583 930
585 409
585 586
585 587
586 409
586 585
586 629
586 642
586 645
591 409
591 596
591 604
592 409
592 593
592 809
592 932
593 409
593 594
593 595
593 596
593 810
593 933
594 409
594 596
595 409
595 596
596 409
596 604
604 409
604 606
606 409
606 663
608 409
608 609
608 665
608 822
608 945
609 409
609 604
609 610
609 611
609 613
609 614
609 615
609 618
609 620
609 622
609 623
609 624
609 629
609 630
609 631
609 818
609 941
610 409
610 611
610 629
611 409
611 613
611 629
613 409
613 604
613 818
613 941
614 409
614 620
614 625
614 630
615 409
618 409
620 409
620 625
620 630
622 409
622 623
622 720
622 768
622 836
622 872
622 959
622 996
623 409
623 624
624 409
624 618
624 620
624 622
624 623
624 625
625 409
625 618
625 620
625 622
625 623
625 624
625 630
629 409
629 631
630 409
630 629
631 409
631 642
631 645
636 409
636 638
636 663
636 697
636 895
636 1016
637 409
637 638
638 409
638 637
638 663
641 409
641 642
641 643
641 645
642 409
642 649
642 652
643 409
645 409
645 649
645 652
648 409
648 649
648 650
648 652
649 409
649 656
649 658
650 409
652 409
652 656
652 658
655 409
655 656
655 658
656 409
656 642
656 645
656 661
656 689
656 691
658 409
658 642
658 645
658 661
658 689
658 691
661 409
661 670
661 673
663 409
663 661
665 409
665 608
665 666
665 700
665 822
665 945
666 409
666 667
666 668
666 669
666 670
666 671
666 673
667 409
667 670
667 671
668 409
668 667
668 669
669 409
669 670
669 671
670 409
670 676
671 409
673 409
673 676
676 409
676 580
676 581
676 680
680 688
688 409
688 697
688 787
688 795
689 688
689 691
689 796
691 688
691 796
691 798
696 697
696 698
696 700
696 752
696 753
696 783
697 409
697 742
697 749
697 895
697 1016
700 409
700 701
700 702
700 703
700 707
700 708
700 709
700 711
700 712
700 713
700 716
700 718
700 720
700 721
700 722
700 725
700 728
700 731
700 734
700 737
700 742
700 743
700 745
700 749
700 752
701 409
701 700
701 704
702 409
702 700
702 703
702 752
703 409
703 704
703 708
704 409
704 708
707 409
707 742
708 409
708 707
708 709
709 409
709 711
709 742
711 409
712 409
712 718
712 723
712 726
712 729
712 732
712 735
712 738
712 743
713 409
716 409
718 409
718 723
718 726
718 729
718 732
718 735
718 738
718 743
720 409
720 721
720 768
720 836
720 872
720 959
720 996
721 409
721 722
722 409
722 723
722 725
723 409
723 718
723 726
723 729
723 732
723 735
723 738
723 743
725 409
725 726
725 728
726 409
726 718
726 723
726 729
726 732
726 735
726 738
726 743
728 409
728 729
728 731
729 409
729 718
729 723
729 726
729 732
729 735
729 738
729 743
731 409
731 732
731 734
732 409
732 718
732 723
732 726
732 729
732 735
732 738
732 743
734 409
734 735
734 737
735 409
735 718
735 723
735 726
735 729
735 732
735 738
735 743
737 409
737 716
737 718
737 720
737 721
737 722
737 725
737 728
737 731
737 734
737 738
738 409
738 716
738 718
738 720
738 721
738 722
738 723
738 725
738 726
738 728
738 729
738 731
738 732
738 734
738 735
738 737
738 743
742 409
742 745
743 409
743 742
745 409
745 778
745 780
749 409
749 778
749 780
752 409
752 700
752 753
752 822
752 945
753 409
753 754
753 755
753 756
753 758
753 760
753 761
753 764
753 766
753 768
753 769
753 771
753 774
753 778
753 780
754 409
754 778
755 409
755 754
755 756
756 409
756 758
756 778
758 409
760 409
760 766
760 772
760 775
760 778
761 409
764 409
766 409
766 772
766 775
766 778
768 409
768 720
768 769
768 836
768 872
768 959
768 996
769 409
769 771
771 409
771 772
771 774
772 409
772 766
772 775
772 778
774 409
774 764
774 766
774 768
774 769
774 771
774 775
775 409
775 764
775 766
775 768
775 769
775 771
775 772
775 774
775 778
778 409
778 783
780 409
780 783
783 696
783 697
783 787
787 795
795 409
795 804
795 910
795 918
796 795
796 798
796 919
798 795
798 919
798 921
803 804
803 806
803 807
803 809
803 818
803 820
803 822
803 823
803 850
803 851
803 895
803 896
803 899
803 903
803 906
804 409
804 806
806 409
806 813
806 818
807 409
807 806
807 930
809 409
809 810
809 932
810 409
810 811
810 812
810 813
810 933
811 409
811 813
812 409
812 813
813 409
813 818
818 409
818 820
820 409
820 843
820 891
820 895
822 409
822 823
822 851
822 945
823 409
823 818
823 824
823 825
823 827
823 828
823 829
823 832
823 834
823 836
823 837
823 838
823 843
823 844
823 845
823 941
824 409
824 825
824 843
825 409
825 827
825 843
827 409
827 818
827 941
828 409
828 834
828 839
828 844
829 409
832 409
834 409
834 839
834 844
836 409
836 837
836 872
836 959
836 996
837 409
837 838
838 409
838 832
838 834
838 836
838 837
838 839
839 409
839 832
839 834
839 836
839 837
839 838
839 844
843 409
843 845
844 409
844 843
845 409
845 891
845 895
850 409
851 409
851 822
851 852
851 853
851 854
851 855
851 859
851 860
851 861
851 863
851 864
851 865
851 868
851 870
851 872
851 873
851 874
851 877
851 880
851 883
851 886
851 891
851 892
851 945
852 409
852 851
852 856
853 409
854 409
854 822
854 851
854 855
854 945
855 409
855 856
855 860
856 409
856 860
859 409
859 891
860 409
860 859
860 861
861 409
861 863
861 891
863 409
864 409
864 870
864 875
864 878
864 881
864 884
864 887
864 892
865 409
868 409
870 409
870 875
870 878
870 881
870 884
870 887
870 892
872 409
872 836
872 873
872 959
872 996
873 409
873 874
874 409
874 875
874 877
875 409
875 870
875 878
875 881
875 884
875 887
875 892
877 409
877 878
877 880
878 409
878 870
878 875
878 881
878 884
878 887
878 892
880 409
880 881
880 883
881 409
881 870
881 875
881 878
881 884
881 887
881 892
883 409
883 884
883 886
884 409
884 870
884 875
884 878
884 881
884 887
884 892
886 409
886 868
886 870
886 872
886 873
886 874
886 877
886 880
886 883
886 887
887 409
887 868
887 870
887 872
887 873
887 874
887 875
887 877
887 878
887 880
887 881
887 883
887 884
887 886
887 892
891 409
891 895
892 409
892 891
895 409
895 899
895 903
895 1016
899 409
899 906
903 409
903 906
906 409
906 803
906 804
906 910
910 918
918 409
918 927
918 1030
919 409
919 918
919 921
921 409
921 918
926 927
926 929
926 930
926 932
926 941
926 943
926 945
926 946
926 973
926 974
926 1016
926 1019
926 1023
926 1026
927 409
927 929
929 409
929 936
929 941
930 409
930 929
932 409
932 933
933 409
933 934
933 935
933 936
934 409
934 936
935 409
935 936
936 409
936 941
941 409
941 943
943 409
943 966
943 1012
943 1016
945 409
945 946
945 974
946 409
946 941
946 947
946 948
946 950
946 951
946 952
946 955
946 957
946 959
946 960
946 961
946 966
946 967
946 968
947 409
947 948
947 966
948 409
948 950
948 966
950 409
950 941
951 409
951 957
951 962
951 967
952 409
955 409
957 409
957 962
957 967
959 409
959 960
959 996
960 409
960 961
961 409
961 955
961 957
961 959
961 960
961 962
962 409
962 955
962 957
962 959
962 960
962 961
962 967
966 409
966 968
967 409
967 966
968 409
968 1012
968 1016
973 409
974 409
974 945
974 975
974 976
974 978
974 979
974 983
974 984
974 985
974 987
974 988
974 989
974 992
974 994
974 996
974 997
974 998
974 1001
974 1004
974 1007
974 1012
974 1013
975 409
975 974
975 980
976 409
978 409
978 945
978 974
978 979
979 409
979 980
979 984
980 409
980 984
983 409
983 1012
984 409
984 983
984 985
985 409
985 987
985 1012
987 409
988 409
988 994
988 999
988 1002
988 1005
988 1008
988 1013
989 409
992 409
994 409
994 999
994 1002
994 1005
994 1008
994 1013
996 409
996 959
996 997
997 409
997 998
998 409
998 999
998 1001
999 409
999 994
999 1002
999 1005
999 1008
999 1013
1001 409
1001 1002
1001 1004
1002 409
1002 994
1002 999
1002 1005
1002 1008
1002 1013
1004 409
1004 1005
1004 1007
1005 409
1005 994
1005 999
1005 1002
1005 1008
1005 1013
1007 409
1007 992
1007 994
1007 996
1007 997
1007 998
1007 1001
1007 1004
1007 1008
1008 409
1008 992
1008 994
1008 996
1008 997
1008 998
1008 999
1008 1001
1008 1002
1008 1004
1008 1005
1008 1007
1008 1013
1012 409
1012 1016
1013 409
1013 1012
1016 409
1016 1019
1016 1023
1019 409
1019 1026
1023 409
1023 1026
1026 409
1026 926
1026 927
1026 1030
1030 409
1030 1037
1037 409
1037 1038
1038 409
