151 154
151 155
151 158
151 159
151 160
151 161
151 162
151 163
151 165
151 166
151 168
151 172
151 173
151 174
151 176
151 177
151 178
151 179
151 180
151 181
151 182
151 183
154 152
154 158
155 152
155 154
155 165
158 152
158 159
158 160
159 152
159 160
159 165
159 172
160 152
160 161
160 162
161 152
161 172
162 152
162 172
163 152
165 152
165 166
165 168
166 152
166 172
168 152
168 172
168 173
168 174
172 152
172 174
173 152
173 172
173 174
174 152
174 176
176 152
176 177
177 152
177 178
178 152
178 179
179 152
179 180
180 152
180 181
181 152
181 182
182 152
182 183
183 152
