71 72
71 73
71 74
71 76
71 77
71 78
71 79
71 80
71 81
71 83
71 84
71 87
71 88
71 90
71 91
71 92
71 93
71 95
71 98
71 99
71 100
71 103
71 104
71 105
71 106
71 108
71 112
71 113
71 114
71 118
71 119
71 120
71 122
71 123
71 124
71 125
71 128
71 130
71 131
71 132
71 134
71 136
71 137
71 138
71 139
71 141
71 142
71 144
71 145
71 146
71 147
71 150
71 151
71 153
71 154
71 155
71 159
73 72
73 74
74 72
74 84
74 88
74 119
76 72
76 87
76 88
76 91
76 95
76 99
76 100
76 106
76 112
76 130
76 131
76 145
76 150
76 151
76 153
76 155
77 72
77 88
77 91
77 95
77 99
77 100
77 106
77 112
77 136
77 141
77 145
77 150
78 72
78 88
78 91
78 95
78 99
78 100
78 103
78 105
78 106
78 112
78 144
78 145
78 147
79 72
79 88
79 91
79 95
79 99
79 100
79 112
79 154
79 155
80 72
80 83
80 84
80 88
80 91
80 95
80 99
80 100
80 112
80 122
80 123
80 125
81 72
81 88
81 91
81 95
81 99
81 100
81 113
81 138
83 84
83 122
84 72
84 88
84 119
84 123
87 88
87 90
87 91
87 92
87 93
87 95
87 98
87 99
87 100
87 103
87 112
87 113
87 114
87 130
88 72
88 91
88 93
88 95
88 99
88 100
88 112
90 91
91 72
91 88
91 93
91 95
91 99
91 100
91 112
92 72
92 93
93 72
93 88
93 91
93 95
93 99
93 100
93 112
95 72
95 88
95 91
95 99
95 100
95 112
95 136
98 72
98 99
99 72
99 88
99 91
99 95
99 100
99 112
100 72
100 88
100 91
100 95
100 99
100 104
100 106
100 112
100 119
100 138
100 141
103 72
103 88
103 91
103 95
103 99
103 100
103 104
103 105
103 106
103 108
103 112
103 144
104 72
104 88
104 91
104 105
104 112
105 72
105 106
106 72
106 88
106 91
106 95
106 99
106 100
106 105
106 108
106 112
106 114
106 138
106 141
106 145
108 72
108 88
108 91
108 95
108 99
108 100
108 112
112 72
112 88
112 91
112 95
112 99
112 100
112 108
112 113
112 114
112 119
112 131
113 72
113 88
113 91
113 95
113 99
113 100
113 112
114 72
114 88
114 91
114 95
114 99
114 100
114 106
114 112
114 145
118 72
118 119
119 72
119 120
119 123
119 128
120 72
122 72
122 123
122 124
122 125
123 72
123 124
123 125
123 128
124 72
124 125
125 72
125 123
125 124
125 128
128 72
128 131
128 132
128 159
130 72
130 131
130 132
130 134
130 136
130 137
130 138
130 139
130 141
130 142
130 144
130 150
130 151
130 153
130 154
131 72
131 132
131 136
131 145
131 150
132 72
132 134
134 72
134 136
134 137
136 72
136 137
136 141
137 138
138 72
138 139
139 72
139 142
141 72
141 142
141 145
141 150
142 72
142 146
142 150
144 72
144 145
144 146
144 147
145 72
145 146
145 147
145 150
146 72
146 147
147 72
147 146
147 150
150 72
150 141
150 151
151 72
151 153
153 72
153 131
153 132
153 155
153 159
154 72
154 155
155 72
155 131
155 132
155 159
159 72
