110 111
110 115
110 120
110 121
110 122
110 123
110 127
110 128
110 130
110 131
110 132
110 133
110 134
110 137
110 139
110 140
110 143
110 150
110 151
110 154
110 158
110 159
110 161
110 163
110 164
110 165
110 166
110 167
110 168
110 169
110 172
110 174
110 176
110 177
110 178
110 180
110 181
110 182
111 115
111 120
115 111
115 127
120 111
120 121
121 111
121 122
121 123
122 111
122 123
123 111
123 127
123 128
123 150
123 151
127 111
127 128
127 131
127 150
128 111
128 130
128 131
128 132
128 133
130 132
130 133
131 132
131 134
131 140
131 143
132 130
132 134
132 137
132 140
132 143
132 163
132 165
133 134
133 137
133 139
133 140
133 143
134 111
134 130
134 131
134 132
134 133
134 140
134 143
134 150
134 159
134 161
137 111
137 130
137 139
137 163
139 111
139 140
139 143
140 111
140 130
140 131
140 132
140 133
140 134
140 143
140 150
140 159
140 161
143 111
143 130
143 131
143 132
143 133
143 134
143 140
143 150
143 159
143 161
143 165
150 111
150 151
150 164
151 111
151 154
151 158
151 163
151 164
151 165
151 166
154 111
154 158
158 111
158 154
158 159
158 161
159 111
159 161
159 168
159 177
159 181
161 111
161 154
161 158
161 159
161 168
161 177
161 181
163 111
163 165
163 166
164 111
164 165
164 167
164 176
164 180
165 111
165 163
165 167
165 168
165 172
165 176
165 177
165 180
166 111
166 167
166 168
166 169
166 172
166 174
166 176
166 180
167 111
167 168
167 169
168 111
168 165
168 169
169 111
169 154
169 158
169 163
169 164
169 165
169 166
172 163
172 174
174 176
174 177
174 178
174 180
174 181
174 182
176 177
176 178
177 165
177 178
178 111
178 154
178 158
178 163
178 164
178 165
178 166
180 181
180 182
181 182
182 111
182 154
182 158
182 163
182 164
182 165
182 166
