103 104
103 105
103 106
103 107
103 108
103 110
103 111
103 113
103 114
103 115
103 117
103 118
103 120
103 122
103 123
103 124
103 125
103 127
103 128
103 129
103 130
103 133
103 134
103 135
103 136
104 106
104 122
104 127
105 136
106 136
106 137
107 108
107 113
107 137
108 110
108 122
108 127
108 137
110 111
110 122
110 127
110 133
110 137
111 122
111 127
111 136
111 137
113 114
113 120
113 137
114 115
114 117
114 137
115 118
115 122
115 127
115 136
115 137
117 118
117 122
117 127
117 137
118 122
118 127
118 136
118 137
120 123
120 136
120 137
122 127
122 136
122 137
123 122
123 124
124 122
124 128
125 122
125 130
125 137
127 136
127 137
128 127
128 129
129 127
129 134
129 137
130 127
130 137
133 136
133 137
134 135
134 137
135 136
135 137
136 137
