419 420
419 422
419 424
419 425
419 427
419 429
419 431
419 433
419 434
419 436
419 437
419 439
419 441
419 443
419 444
419 446
419 447
419 516
419 517
419 518
419 522
419 523
419 554
419 555
419 556
420 419
420 427
420 518
422 419
422 427
424 419
424 425
425 419
425 427
427 419
427 429
427 444
427 516
429 419
429 439
429 554
431 419
434 419
434 443
436 419
436 437
436 439
436 441
437 419
437 439
439 419
439 443
439 554
441 443
443 419
444 419
444 443
446 419
447 419
516 419
517 419
517 518
518 419
518 555
522 419
523 419
554 419
554 556
555 419
556 419
