110 111
111 112
112 114
114 122
122 127
127 130
130 131
132 133
132 135
133 135
135 136
136 138
138 139
139 140
139 144
140 141
141 144
144 145
144 149
145 146
146 148
148 144
149 153
151 154
153 151
154 156
156 157
157 160
160 161
161 162
162 164
162 167
164 167
167 169
169 170
171 172
171 174
172 174
174 175
174 180
175 169
175 186
177 169
177 186
178 177
180 182
182 178
186 188
188 189
190 191
190 193
191 193
194 130
194 188
194 204
195 194
197 199
199 195
204 205
205 206
206 209
209 210
210 211
210 214
211 214
214 215
215 216
216 110
216 209
