7885 7886
7885 7887
7885 7893
7885 7895
7885 7896
7885 7897
7885 7898
7885 7899
7885 7900
7885 7901
7885 7902
7885 7903
7885 7904
7885 7905
7885 7906
7885 7907
7885 7908
7885 7909
7885 7910
7885 7911
7885 7912
7885 7913
7885 7914
7885 7918
7885 7919
7885 7920
7885 7923
7885 7924
7885 7925
7885 7926
7885 7927
7885 7928
7885 7931
7885 7932
7885 7935
7885 7939
7885 7940
7885 7941
7885 7942
7885 7943
7885 7944
7885 7945
7885 7946
7885 7947
7885 7948
7885 7949
7885 7952
7885 7955
7885 7958
7885 7959
7885 7960
7885 7963
7885 7964
7885 7965
7885 7967
7885 7968
7885 7972
7885 7979
7885 7980
7885 7984
7885 7991
7885 7992
7885 7996
7885 7997
7885 8001
7887 7888
7887 7890
7888 7889
7920 7921
7928 7929
7932 7933
7935 7936
7935 7937
7949 7950
7952 7953
7955 7956
7960 7961
7968 7969
7968 7970
7972 7973
7973 7974
7973 7975
7980 7981
7980 7982
7984 7985
7985 7986
7985 7987
7992 7993
7997 7998
7997 7999
8001 8002
8001 8003
8001 8004
8001 8006
8001 8007
8001 8010
8001 8011
8001 8014
8001 8015
8001 8018
8001 8019
8001 8025
8001 8026
8001 8029
8001 8032
8001 8035
8001 8038
8001 8039
8001 8045
8001 8049
8001 8058
8001 8070
8001 8071
8001 8075
8001 8080
8001 8081
8001 8085
8001 8090
8001 8091
8001 8095
8001 8100
8001 8101
8001 8105
8001 8113
8001 8114
8001 8118
8001 8144
8001 8145
8001 8149
8007 8008
8011 8012
8015 8016
8019 8020
8020 8021
8020 8022
8026 8027
8029 8030
8032 8033
8035 8036
8039 8040
8040 8041
8040 8042
8045 8046
8049 8050
8049 8053
8050 8051
8053 8054
8058 8059
8058 8062
8058 8066
8058 8067
8059 8060
8062 8063
8062 8064
8071 8072
8071 8073
8075 8076
8075 8077
8081 8082
8081 8083
8085 8086
8085 8087
8091 8092
8091 8093
8095 8096
8095 8097
8101 8102
8101 8103
8105 8106
8105 8107
8107 8108
8108 8109
8114 8115
8114 8116
8118 8119
8118 8120
8118 8121
8118 8122
8118 8123
8118 8124
8118 8125
8118 8126
8118 8127
8118 8128
8118 8132
8118 8133
8118 8139
8128 8129
8128 8130
8133 8134
8134 8135
8134 8136
8139 8140
8145 8146
8145 8147
8149 8150
8149 8151
8149 8152
8149 8153
8149 8154
8149 8158
8154 8155
8154 8156
8158 8159
8158 8160
8158 8161
8158 8162
8158 8163
