7885 7886
7886 7887
7887 7888
7887 7893
7888 7890
7890 7885
7893 7895
7895 7896
7896 7897
7897 7898
7898 7899
7899 7900
7900 7901
7901 7902
7902 7903
7903 7904
7904 7905
7905 7906
7906 7907
7907 7908
7908 7909
7909 7910
7910 7911
7911 7912
7912 7913
7913 7914
7918 7919
7919 7920
7920 7921
7920 7923
7923 7924
7924 7925
7925 7926
7926 7927
7927 7928
7928 7929
7928 7931
7931 7932
7932 7933
7932 7935
7935 7936
7935 7939
7936 7937
7939 7940
7940 7941
7941 7942
7942 7943
7943 7944
7944 7945
7945 7946
7946 7947
7947 7948
7948 7949
7949 7950
7949 7952
7952 7953
7952 7955
7955 7956
7955 7958
7958 7959
7959 7960
7960 7961
7960 7963
7963 7964
7964 7965
7965 7967
7967 7968
7968 7969
7968 7972
7969 7970
7970 7885
7972 7973
7972 7979
7973 7974
7974 7975
7979 7980
7980 7981
7980 7984
7981 7982
7982 7885
7984 7985
7984 7991
7985 7986
7986 7987
7991 7992
7992 7993
7992 7996
7993 7996
7996 7997
7997 7998
7997 8001
7998 7999
7999 7885
8001 7885
8001 8002
8002 8003
8003 8004
8004 8006
8006 8007
8007 8008
8007 8010
8008 8010
8010 8011
8011 8012
8011 8014
8012 8014
8014 8015
8015 8016
8015 8018
8016 8018
8018 8019
8019 8020
8019 8025
8020 8021
8021 8022
8025 8026
8026 8027
8026 8029
8027 8029
8029 8030
8029 8032
8030 8032
8032 8033
8032 8035
8033 8035
8035 8036
8035 8038
8036 8038
8038 8039
8039 8040
8039 8045
8040 8041
8041 8042
8045 8046
8045 8049
8046 8049
8049 8050
8049 8058
8050 8051
8050 8053
8051 8053
8053 8054
8053 8058
8058 8059
8058 8070
8059 8060
8059 8062
8060 8062
8062 8063
8062 8066
8063 8064
8066 8067
8067 8070
8070 8071
8071 8072
8071 8075
8072 8073
8073 7885
8075 8076
8075 8080
8076 8077
8080 8081
8081 8082
8081 8085
8082 8083
8083 7885
8085 8086
8085 8090
8086 8087
8090 8091
8091 8092
8091 8095
8092 8093
8093 7885
8095 8096
8095 8100
8096 8097
8100 8101
8101 8102
8101 8105
8102 8103
8103 7885
8105 8106
8105 8113
8106 8107
8107 8108
8113 8114
8114 8115
8114 8118
8115 8116
8116 7885
8118 8119
8118 8144
8119 8120
8120 8121
8121 8122
8122 8123
8123 8124
8124 8125
8125 8126
8126 8127
8127 8128
8128 8129
8128 8132
8129 8130
8130 7885
8132 8133
8133 8134
8133 8139
8134 8135
8135 8136
8140 7885
8144 8145
8145 8146
8145 8149
8146 8147
8147 7885
8149 8150
8150 8151
8151 8152
8152 8153
8153 8154
8154 8155
8154 8158
8155 8156
8156 7885
8158 8159
8159 8160
8160 8161
8161 8162
8162 8163
