417 418
417 421
417 424
417 425
417 426
417 427
417 431
417 432
417 434
417 436
417 442
417 444
417 446
417 447
417 450
417 453
417 454
417 459
417 463
417 465
417 468
417 469
417 470
417 471
417 472
417 475
417 476
417 477
417 478
417 482
418 417
418 424
421 417
421 425
421 431
421 472
421 475
424 417
424 425
424 426
424 427
425 427
426 424
427 417
427 425
427 431
427 472
427 475
431 417
431 442
431 444
431 450
431 454
431 459
431 463
431 472
431 475
432 417
432 434
432 446
432 453
434 417
434 436
434 442
436 442
442 444
442 446
442 450
442 453
442 454
442 463
442 472
442 475
444 446
444 450
444 454
444 463
444 472
444 475
446 447
446 450
447 450
450 442
450 444
450 453
450 454
450 463
450 472
450 475
453 432
453 454
454 442
454 444
454 450
454 459
454 463
454 472
454 475
459 417
459 463
459 465
463 465
465 417
465 431
465 472
465 475
468 417
470 471
470 472
470 477
471 472
472 475
475 472
477 417
477 470
477 478
478 477
478 481
481 477
481 482
