89 90
90 91
90 95
91 92
92 89
95 96
96 97
96 101
97 98
98 89
101 109
109 111
109 113
111 113
113 117
117 120
120 121
121 122
121 125
121 128
122 125
122 128
125 126
126 128
128 131
131 132
131 135
132 133
133 89
136 137
137 138
137 140
138 140
140 89
143 144
144 147
147 150
147 159
147 169
150 152
150 154
151 154
152 151
154 155
155 147
155 169
159 161
159 163
160 163
161 160
163 164
164 147
164 169
169 171
169 177
171 173
171 177
173 177
177 178
178 179
178 192
179 180
180 181
181 182
181 184
182 184
184 185
184 187
185 187
187 188
187 192
188 192
192 193
192 197
193 197
197 198
197 201
198 201
201 202
202 89
