256 257
256 258
256 259
256 260
260 263
260 264
260 266
260 273
260 274
260 275
260 277
260 280
260 282
260 298
260 299
260 304
260 312
260 313
260 322
260 332
260 337
260 357
260 358
260 374
260 376
260 380
260 390
260 396
260 408
260 421
264 265
266 267
266 270
267 268
268 269
274 275
275 274
277 278
282 284
283 284
284 285
284 290
284 295
285 286
285 288
285 289
286 287
290 291
290 292
299 300
299 301
299 302
304 305
304 309
305 306
306 307
306 308
314 315
314 316
316 317
316 318
322 323
322 329
323 324
324 325
324 326
324 327
324 328
332 333
332 334
332 335
337 338
337 339
337 344
337 347
337 348
339 340
339 341
348 349
348 353
349 350
350 351
350 352
358 359
358 361
358 370
358 371
359 360
361 362
361 367
362 363
363 364
363 365
363 366
376 377
376 378
380 381
380 387
381 382
382 383
382 384
382 385
382 386
390 391
390 392
390 393
390 394
396 397
396 398
398 399
398 405
399 400
400 401
400 402
400 403
400 404
408 409
408 410
410 411
410 415
411 412
411 413
411 414
415 416
421 422
421 428
422 423
422 424
422 425
422 426
422 427
428 429
428 435
429 430
430 431
430 433
430 434
431 432
