256 263
263 264
264 266
267 269
267 270
268 267
269 268
270 256
273 275
274 275
275 274
275 278
277 280
278 277
280 282
282 285
282 298
283 284
284 283
285 286
285 290
286 289
289 285
291 292
292 256
295 298
298 299
299 304
305 308
305 309
306 305
308 306
309 256
312 313
313 315
315 316
316 315
316 317
316 322
322 323
322 332
323 326
323 329
324 323
326 328
328 324
329 256
332 337
338 339
340 341
341 256
344 347
347 348
349 352
349 353
350 349
352 350
353 256
357 359
357 374
359 361
362 365
362 367
363 362
365 366
366 363
367 256
370 371
371 374
374 377
376 380
377 376
381 384
381 387
382 381
384 385
385 386
386 382
387 256
390 392
390 397
392 394
394 390
397 398
398 396
399 402
399 405
400 399
402 403
403 404
404 400
405 256
408 409
408 421
409 410
410 413
410 421
411 415
413 414
414 411
415 416
415 421
416 256
421 427
421 429
422 256
427 422
429 431
429 435
430 429
431 433
433 434
434 430
435 256
