2 3
3 4
3 6
3 19
3 20
3 21
3 22
3 23
3 27
3 30
3 32
3 33
3 34
3 35
3 38
3 39
3 40
3 41
3 43
3 44
3 46
3 159
3 167
3 184
3 187
3 190
3 191
3 196
3 198
3 200
3 208
6 8
6 9
6 10
6 16
10 13
10 14
16 17
23 24
24 25
25 26
27 28
30 31
35 36
41 42
46 47
46 86
46 93
46 94
46 97
46 98
46 121
46 132
46 143
47 49
47 55
47 59
47 61
47 62
47 63
47 64
47 65
50 51
51 52
51 53
55 56
56 57
59 60
65 67
65 68
65 69
65 72
65 73
65 74
65 75
65 77
69 70
77 78
77 81
77 82
78 79
78 80
86 87
86 90
86 91
87 88
87 89
94 95
98 103
98 111
103 104
103 107
103 108
104 105
104 106
111 112
111 118
112 113
113 114
113 115
113 116
121 124
121 130
124 125
125 126
125 127
125 128
132 135
132 141
135 136
136 137
136 138
136 139
143 144
143 146
143 147
144 145
149 150
150 151
150 152
159 161
159 162
162 165
167 168
167 169
169 170
169 171
171 172
171 181
174 175
175 176
175 177
184 185
184 186
191 192
191 193
200 201
200 202
200 203
200 204
200 205
200 206
