2 4
4 6
6 8
6 17
8 9
9 10
10 13
10 19
13 14
14 2
17 19
19 20
20 21
21 22
22 24
23 27
24 23
24 25
25 24
25 26
26 25
27 28
27 31
28 31
30 32
31 30
32 33
33 34
36 38
38 39
39 40
40 41
41 42
41 43
42 41
43 44
44 46
46 47
46 144
47 49
47 67
49 52
51 52
51 55
52 53
53 51
56 57
56 59
57 56
59 60
59 61
60 59
61 62
62 63
63 64
64 87
67 68
68 69
69 70
69 72
70 72
72 73
73 74
74 75
75 78
77 87
78 79
78 80
78 81
79 78
80 78
81 82
82 77
86 93
87 88
87 89
87 90
88 87
89 87
90 91
91 86
93 94
94 95
94 97
95 94
97 104
97 121
103 111
104 105
104 106
104 107
105 104
106 104
107 108
108 103
112 118
113 112
114 115
115 116
116 113
118 121
121 125
121 132
124 130
125 124
126 127
127 128
128 125
130 132
132 136
132 150
135 141
136 135
137 138
138 139
139 136
141 150
144 146
146 147
147 150
150 151
150 159
159 161
159 165
161 168
161 169
165 168
165 169
168 185
169 170
169 172
170 185
172 175
181 185
184 187
185 186
186 184
187 190
191 192
191 196
192 193
193 196
196 198
198 202
200 208
202 203
203 204
204 205
205 200
208 2
