1386 1387
1386 1400
1386 1405
1386 1406
1386 1415
1386 1424
1386 1427
1386 1432
1386 1442
1386 1452
1386 1461
1386 1479
1386 1503
1386 1521
1386 1528
1386 1535
1386 1562
1386 1574
1386 1580
1386 1590
1386 1593
1387 1400
1400 1387
1400 1405
1405 1387
1405 1406
1406 1387
1406 1424
1415 1387
1415 1424
1424 1387
1424 1432
1427 1387
1427 1432
1432 1387
1432 1452
1442 1387
1442 1452
1452 1387
1452 1479
1461 1387
1461 1479
1479 1387
1479 1521
1503 1387
1503 1521
1521 1387
1521 1535
1528 1387
1528 1535
1535 1387
1535 1574
1562 1387
1562 1574
1574 1387
1574 1590
1580 1387
1580 1590
1590 1387
1590 1593
1593 1387
