63 64
64 67
64 68
64 74
64 76
64 79
64 80
64 151
64 209
64 214
64 216
68 69
80 82
80 84
80 89
84 86
89 91
89 111
91 93
91 105
93 95
93 98
93 99
93 100
93 101
93 102
93 103
95 96
105 106
105 107
107 108
111 113
113 115
113 140
115 118
115 121
115 122
115 123
115 124
115 125
115 129
118 119
129 130
129 133
129 134
129 135
129 136
130 131
140 141
140 142
142 143
151 155
151 156
151 157
151 161
151 193
161 163
161 164
161 169
161 176
164 165
169 170
169 172
169 173
176 178
176 179
176 184
179 180
184 185
184 187
184 188
193 198
193 199
193 200
193 201
193 202
193 203
209 210
209 211
