63 67
67 68
68 69
68 74
69 64
74 76
76 79
79 80
80 151
82 84
84 80
84 89
91 92
91 105
93 80
93 95
95 96
95 98
96 98
98 99
99 100
100 101
101 102
102 103
103 80
105 106
105 108
106 80
108 80
113 114
113 140
115 80
115 118
118 119
118 121
119 121
121 122
122 123
123 124
124 125
125 129
129 80
129 130
130 131
130 133
131 133
133 134
134 135
135 136
136 80
140 141
140 143
141 80
143 80
151 155
151 209
155 156
156 157
157 161
163 164
164 165
164 169
165 164
169 170
169 193
170 172
172 173
173 193
178 179
179 180
179 184
180 179
184 185
184 193
185 187
187 188
188 193
193 198
193 209
198 199
199 200
200 201
201 202
202 203
203 209
209 210
209 214
210 211
211 214
214 216
216 64
