63 64
63 67
63 68
63 69
63 74
63 76
63 79
63 80
63 82
63 84
63 91
63 95
63 96
63 98
63 99
63 100
63 101
63 102
63 103
63 105
63 106
63 108
63 113
63 118
63 119
63 121
63 122
63 123
63 124
63 125
63 129
63 130
63 131
63 133
63 134
63 135
63 140
63 141
63 143
63 151
63 155
63 156
63 157
63 163
63 164
63 165
63 169
63 170
63 172
63 173
63 178
63 179
63 180
63 184
63 185
63 187
63 188
63 193
63 198
63 199
63 200
63 201
63 203
63 209
63 210
63 211
63 214
63 216
64 67
67 64
67 68
67 74
67 76
67 79
67 82
67 84
67 93
67 96
67 103
67 115
67 119
67 129
67 131
67 133
67 134
67 135
67 151
67 155
67 198
67 209
67 210
67 214
68 64
68 69
68 74
68 76
68 79
68 80
68 100
68 123
68 151
68 156
68 209
68 210
68 214
68 216
69 64
74 64
74 76
74 79
74 129
74 155
74 209
76 80
79 80
80 82
80 84
80 95
80 118
80 155
80 210
82 84
82 91
82 113
84 89
84 91
84 105
84 113
84 140
84 151
91 92
91 93
91 105
93 84
93 95
93 96
93 98
93 99
93 100
93 101
93 102
93 103
93 151
95 96
95 101
95 102
96 82
96 93
96 100
96 101
96 102
96 119
96 131
96 155
96 198
98 155
98 214
99 84
99 151
100 123
100 156
100 210
100 216
101 80
102 80
102 103
103 129
103 155
103 209
103 214
105 84
105 106
105 108
106 84
106 151
108 84
108 151
113 114
113 115
113 140
115 84
115 118
115 119
115 121
115 122
115 123
115 124
115 125
115 129
115 151
118 119
118 124
118 125
119 82
119 96
119 115
119 123
119 124
119 125
119 131
119 155
119 198
121 155
121 214
122 84
122 151
123 100
123 133
123 156
123 210
123 216
124 80
124 130
125 80
125 130
129 130
129 131
129 133
129 134
129 135
129 136
129 155
129 209
130 131
130 133
130 134
131 82
131 96
131 119
131 133
131 134
131 155
131 198
133 100
133 123
133 134
133 156
133 210
133 216
134 80
134 135
135 80
136 129
136 155
136 209
140 84
140 141
140 143
141 84
141 151
143 84
143 151
151 155
151 156
151 157
151 161
151 193
155 156
155 157
155 164
155 165
155 169
155 179
155 180
155 184
155 193
155 198
155 199
155 200
155 201
155 202
155 209
155 210
155 214
156 199
156 210
156 216
157 198
157 210
163 164
164 165
164 169
164 198
164 201
165 164
165 169
165 193
165 198
165 199
165 200
165 201
165 202
165 209
165 210
165 214
169 170
169 172
169 173
169 193
169 198
169 201
170 214
172 193
173 198
178 179
179 180
179 184
179 198
179 201
180 179
180 184
180 193
180 198
180 199
180 200
180 201
180 202
180 209
180 210
180 214
184 185
184 187
184 188
184 193
184 198
184 201
185 214
187 193
188 198
193 198
193 199
193 200
193 201
193 202
193 203
198 199
198 200
198 201
199 210
199 216
200 210
201 202
209 210
209 211
210 216
216 64
