905 907
907 908
908 909
909 910
909 912
910 912
912 913
913 914
914 916
914 926
914 937
914 948
914 959
914 969
914 988
916 917
917 919
918 990
919 918
919 920
919 921
920 919
921 919
926 927
927 928
928 930
929 990
930 929
930 931
930 932
931 930
932 930
937 938
938 939
939 941
940 990
941 940
941 942
941 943
942 941
943 941
948 949
949 950
950 952
951 990
952 951
952 953
952 954
953 952
954 952
959 960
960 962
961 990
962 961
962 963
962 964
963 962
964 962
969 970
970 971
971 973
972 990
973 972
973 975
973 980
975 973
975 976
975 977
976 975
977 975
980 973
980 981
980 982
981 980
982 980
988 990
990 905
