905 907
905 908
905 909
905 910
905 912
905 913
905 914
905 915
905 916
905 917
905 918
905 920
905 921
905 925
905 926
905 927
905 928
905 929
905 931
905 932
905 936
905 937
905 938
905 939
905 940
905 942
905 943
905 947
905 948
905 949
905 950
905 951
905 953
905 954
905 958
905 959
905 960
905 961
905 963
905 964
905 968
905 969
905 970
905 971
905 972
905 976
905 977
905 981
905 982
905 988
905 990
907 905
907 908
908 905
908 910
908 912
908 988
909 905
909 910
909 912
910 905
910 988
912 905
912 913
912 917
912 927
912 938
912 949
912 960
912 970
912 988
912 990
913 905
913 914
913 988
914 905
914 916
914 917
914 918
914 919
914 920
914 921
914 926
914 927
914 928
914 929
914 930
914 931
914 932
914 937
914 938
914 939
914 940
914 941
914 942
914 943
914 948
914 949
914 950
914 951
914 952
914 953
914 954
914 959
914 960
914 961
914 962
914 963
914 964
914 969
914 970
914 971
914 972
914 973
914 975
914 976
914 977
914 980
914 981
914 982
914 988
916 905
916 917
917 905
917 918
917 920
918 905
918 990
919 905
919 918
920 919
920 921
921 905
921 919
926 905
926 927
927 905
927 928
928 905
928 929
928 931
929 905
929 990
930 905
930 929
931 930
931 932
932 905
932 930
937 905
937 938
938 905
938 939
939 905
939 940
939 942
940 905
940 990
941 905
941 940
942 941
942 943
943 905
943 941
948 905
948 949
949 905
949 950
950 905
950 951
950 953
951 905
951 990
952 905
952 951
953 952
953 954
954 905
954 952
959 905
959 960
960 905
960 961
960 963
961 905
961 990
962 905
962 961
963 962
963 964
964 905
964 962
969 905
969 970
970 905
970 971
971 905
971 972
971 976
972 905
972 990
973 905
973 972
975 905
975 973
975 980
976 975
976 977
976 981
977 905
977 975
977 981
980 905
980 973
981 905
981 980
981 982
982 905
982 980
988 905
990 905
