239 240
239 241
239 242
239 243
239 244
239 245
239 247
239 255
239 256
239 257
239 258
239 259
239 263
239 266
239 267
239 268
240 239
240 241
240 247
240 267
241 239
241 247
241 257
241 263
242 239
242 244
242 247
242 256
242 263
243 239
243 245
243 247
244 239
244 245
244 247
245 239
245 244
245 247
247 239
255 239
255 256
255 257
255 258
255 263
256 239
256 257
256 258
256 259
256 263
257 239
257 255
257 259
257 263
257 266
258 239
258 255
258 259
259 239
259 256
259 257
259 258
259 263
259 266
263 239
263 255
263 256
263 257
263 266
266 239
266 267
267 239
267 268
268 239
