2 4
2 5
2 7
2 8
2 9
2 20
2 21
2 22
2 23
2 24
2 26
2 27
2 28
2 31
2 34
2 36
2 40
2 41
2 43
2 45
2 47
2 51
2 52
2 54
2 56
2 57
2 59
2 63
2 64
2 66
2 69
2 73
2 74
2 77
2 80
2 84
2 85
2 87
2 89
2 91
2 95
2 97
2 98
2 101
2 105
2 106
2 108
2 111
4 2
4 5
4 22
5 2
5 24
7 2
7 8
8 2
8 20
9 2
20 2
20 21
21 2
21 22
22 2
22 23
22 24
22 27
23 2
23 31
24 2
24 28
26 2
26 31
27 2
27 31
28 2
28 31
31 2
31 34
34 41
34 43
36 2
36 40
36 41
36 47
40 2
40 51
40 63
40 73
40 84
40 105
41 2
41 43
43 2
43 45
45 2
45 52
45 54
47 2
47 51
47 52
47 59
51 2
51 63
51 73
51 84
51 105
52 2
52 54
54 2
54 56
56 2
56 64
56 66
59 2
59 63
59 64
59 69
63 2
63 73
63 84
63 105
64 2
64 66
66 2
66 74
66 77
69 2
69 73
69 74
69 80
73 2
73 84
73 105
74 2
74 77
77 2
77 85
77 87
80 84
80 85
80 91
84 2
84 105
85 2
85 87
87 97
89 97
91 2
91 95
91 101
95 97
97 2
97 98
98 106
98 108
101 2
101 105
101 106
105 2
106 2
106 108
108 2
108 111
111 2
