119 120
119 121
119 122
119 123
119 124
119 125
119 126
119 127
119 128
119 129
119 131
119 132
119 133
119 135
119 136
119 137
119 139
119 140
119 141
119 143
119 144
119 145
119 147
119 148
119 149
119 151
119 152
119 153
119 154
119 155
119 156
119 157
119 158
120 121
120 129
120 133
120 137
120 141
120 145
120 149
120 152
120 154
120 155
120 160
121 122
121 160
122 123
122 160
123 124
123 160
124 125
124 160
125 126
125 160
126 127
126 160
127 128
127 129
127 131
127 160
128 129
129 133
129 137
129 141
129 145
129 149
129 152
129 154
129 155
129 160
131 132
131 133
131 135
131 160
132 133
133 137
133 141
133 145
133 149
133 152
133 154
133 155
133 160
135 136
135 137
135 139
135 160
136 137
136 141
136 145
136 149
136 152
136 154
136 155
136 160
137 141
137 145
137 149
137 152
137 154
137 155
137 160
139 140
139 141
139 143
139 160
140 141
141 145
141 149
141 152
141 154
141 155
141 160
143 144
143 145
143 147
143 160
144 145
145 149
145 152
145 154
145 155
145 160
147 148
147 149
147 151
147 160
148 149
148 152
148 154
148 155
148 160
149 152
149 154
149 155
149 160
151 152
151 153
151 160
152 154
152 155
152 160
153 154
153 155
153 156
153 160
154 155
154 160
155 160
156 157
156 160
157 158
157 160
158 160
