563 565
563 568
563 569
563 571
563 572
563 576
563 578
563 579
563 580
563 581
563 582
563 584
563 585
563 592
565 563
565 580
565 592
568 563
568 569
569 563
569 568
569 571
569 572
571 563
571 572
572 563
572 568
572 569
572 576
576 563
576 568
576 569
576 578
576 579
576 580
576 581
576 585
578 563
578 579
578 582
578 584
579 563
579 580
579 582
579 584
580 563
580 581
580 585
581 563
581 582
581 584
582 563
582 584
582 585
584 563
584 582
584 585
585 563
585 568
585 569
585 576
585 580
585 592
592 563
