2 3
2 4
2 5
2 6
2 7
7 9
7 10
7 11
7 134
7 140
11 12
11 16
11 29
11 31
11 35
11 36
11 64
11 90
11 121
11 125
11 131
12 13
16 17
16 18
16 19
16 25
16 26
16 27
19 20
19 21
19 23
31 32
31 33
36 37
36 38
38 39
38 40
42 43
42 45
42 61
42 62
45 46
45 47
45 48
45 49
45 59
49 51
49 52
49 53
53 54
54 55
64 66
64 67
64 68
64 69
64 76
64 77
64 78
64 79
64 88
69 71
69 72
69 73
69 74
79 81
79 82
79 83
83 84
84 85
91 94
91 96
91 99
91 101
91 102
91 103
91 104
91 105
91 116
91 117
96 97
105 106
105 109
105 113
106 107
109 111
117 118
121 122
125 126
126 127
134 135
134 136
134 137
138 139
140 141
140 142
140 143
140 144
