2 3
3 4
4 5
5 6
6 9
9 10
12 13
12 16
13 16
16 17
16 29
17 18
18 19
19 20
19 25
20 21
21 23
23 25
25 26
29 31
31 32
31 35
32 33
33 31
35 37
37 38
38 39
38 43
38 64
43 45
45 46
45 61
46 47
47 48
48 49
49 51
49 54
51 52
64 66
64 90
66 67
67 68
68 69
69 71
69 76
71 72
72 73
76 77
77 78
78 79
79 81
79 84
81 82
94 96
96 99
99 101
101 102
102 103
103 104
104 105
106 107
106 111
107 111
111 113
116 125
116 134
125 127
125 131
127 131
134 135
134 136
134 139
134 141
135 134
136 134
139 141
141 142
142 143
143 144
144 2
