193 194
193 195
193 197
193 198
193 200
193 202
193 204
193 205
193 206
193 212
193 213
193 215
193 216
193 217
193 218
193 221
193 222
193 223
193 224
193 228
193 229
193 233
193 234
193 239
193 240
193 242
193 249
193 254
193 255
193 256
193 258
193 260
193 261
193 263
193 267
194 197
194 198
195 194
195 205
195 217
195 221
197 194
197 198
197 217
197 221
198 194
198 200
198 215
198 267
200 194
200 206
200 212
202 206
202 212
204 194
204 205
205 194
205 206
205 217
205 221
206 194
206 212
212 194
212 233
212 242
212 249
215 194
215 267
216 194
217 194
217 218
217 249
217 255
217 256
217 258
217 260
217 263
217 266
217 267
218 194
221 222
221 223
221 224
221 240
221 242
221 243
221 244
221 255
221 267
223 224
224 223
224 228
224 233
224 255
228 229
228 233
233 223
233 234
233 242
233 249
242 249
243 267
249 258
258 260
258 261
260 258
260 261
261 258
263 194
