857 858
857 861
857 862
857 863
857 866
857 867
857 868
857 869
857 870
857 872
857 874
857 876
857 878
857 880
857 882
857 884
857 886
857 887
857 891
857 895
857 896
857 897
857 898
857 899
857 900
857 901
858 857
858 876
858 882
861 857
861 862
862 857
862 866
862 867
862 869
862 872
862 878
862 884
862 887
862 891
862 895
862 897
863 891
866 857
866 867
866 868
867 857
867 868
867 869
867 891
868 857
868 866
868 869
868 872
868 878
868 884
868 891
869 857
869 867
869 870
869 872
869 878
869 884
869 891
869 895
870 857
870 872
870 874
870 876
870 891
872 857
872 866
872 874
872 878
872 884
872 891
874 857
874 867
874 869
874 872
874 878
874 884
874 891
874 895
876 857
876 878
876 880
876 882
876 891
878 857
878 866
878 872
878 880
878 884
878 891
880 857
880 867
880 869
880 872
880 878
880 884
880 891
880 895
882 857
882 884
882 886
882 887
882 891
884 857
884 866
884 872
884 878
884 886
884 891
886 857
886 867
886 869
886 872
886 878
886 884
886 887
886 891
886 895
887 857
887 872
887 878
887 882
887 884
887 891
887 895
887 897
891 857
895 857
895 897
895 898
896 857
896 897
897 857
897 898
897 899
898 857
898 899
898 900
899 857
899 900
899 901
900 857
900 901
901 857
