160 164
160 165
160 166
160 167
160 172
160 173
160 174
160 177
160 183
160 184
160 188
160 189
160 190
160 191
160 194
164 165
164 166
164 172
164 173
164 183
164 184
164 188
165 161
165 166
165 172
165 173
165 183
165 184
165 188
165 189
165 190
166 161
166 167
166 172
166 173
166 183
166 184
166 188
167 161
172 173
172 183
172 184
172 188
173 174
173 183
173 184
173 188
173 189
173 190
174 177
174 183
174 184
174 188
174 189
174 190
177 173
177 183
177 184
177 188
177 189
177 190
183 184
183 188
184 188
184 189
184 190
188 189
188 190
188 191
188 194
189 190
189 191
191 161
194 161
