504 505
504 506
504 507
504 508
504 509
504 513
504 514
504 515
504 516
504 517
504 518
504 521
504 522
504 523
504 526
504 528
504 530
504 532
504 535
505 522
506 522
507 532
508 532
509 530
513 505
513 514
513 515
513 516
513 517
513 518
513 521
514 505
514 515
514 516
514 517
514 518
514 521
514 522
515 505
515 516
515 517
515 518
515 521
515 522
515 523
516 505
516 517
516 518
516 521
516 522
516 523
517 505
517 518
517 521
517 522
517 523
518 505
518 521
518 522
518 523
521 505
521 522
521 523
522 505
522 523
522 528
522 532
523 505
523 526
523 528
523 530
523 532
526 505
526 532
528 505
528 532
530 505
530 532
532 505
532 535
535 505
