1752 1753
1752 1759
1752 1763
1752 1764
1752 1766
1752 1767
1752 1770
1752 1771
1752 1772
1752 1777
1752 1778
1752 1781
1752 1782
1752 1786
1752 1787
1752 1789
1752 1790
1752 1794
1752 1795
1752 1797
1752 1799
1752 1802
1752 1805
1752 1806
1752 1807
1752 1811
1752 1812
1752 1813
1752 1814
1752 1816
1752 1817
1752 1818
1752 1823
1752 1826
1752 1828
1752 1829
1752 1830
1752 1831
1752 1835
1753 1752
1753 1763
1753 1772
1753 1787
1753 1789
1759 1752
1759 1807
1759 1826
1763 1752
1763 1764
1763 1770
1763 1789
1763 1807
1764 1752
1764 1770
1764 1771
1764 1786
1764 1789
1767 1752
1767 1778
1767 1806
1767 1826
1770 1771
1770 1772
1770 1777
1770 1826
1770 1835
1771 1752
1771 1772
1772 1752
1772 1777
1772 1789
1777 1752
1777 1770
1777 1778
1777 1781
1777 1782
1777 1786
1777 1789
1777 1790
1777 1794
1777 1795
1777 1799
1777 1802
1777 1805
1777 1807
1777 1823
1778 1752
1781 1752
1781 1789
1782 1752
1782 1789
1786 1752
1786 1787
1786 1789
1786 1807
1787 1752
1787 1789
1789 1752
1789 1770
1789 1772
1789 1787
1789 1794
1789 1795
1789 1799
1789 1802
1789 1805
1789 1807
1789 1823
1790 1752
1794 1752
1794 1805
1794 1806
1795 1752
1795 1789
1795 1807
1795 1813
1795 1816
1799 1752
1799 1789
1799 1802
1799 1807
1799 1814
1799 1817
1802 1752
1802 1807
1802 1814
1802 1817
1805 1752
1805 1806
1805 1807
1806 1807
1806 1811
1807 1752
1807 1778
1807 1806
1807 1812
1807 1826
1807 1830
1811 1752
1811 1778
1811 1806
1811 1807
1811 1812
1811 1813
1811 1814
1811 1826
1812 1752
1812 1807
1812 1813
1812 1814
1812 1816
1812 1817
1812 1818
1812 1830
1813 1752
1814 1752
1816 1752
1817 1752
1818 1752
1823 1771
1823 1786
1823 1789
1826 1828
1826 1829
1826 1835
1828 1829
1828 1835
1829 1830
1830 1829
1830 1831
1831 1829
1835 1752
