2 4
2 7
2 11
2 12
2 14
2 15
2 16
2 17
2 19
2 20
2 21
2 22
2 23
2 24
2 28
2 29
2 30
2 32
2 33
2 35
2 36
2 38
2 39
2 42
2 43
2 47
2 48
2 50
2 51
2 52
2 53
2 54
2 55
2 61
4 2
7 2
7 12
7 30
7 33
7 36
7 39
11 2
11 7
11 30
11 33
11 36
11 39
12 2
12 17
14 2
14 16
15 16
16 2
16 17
16 30
16 33
16 36
16 39
17 2
17 19
17 30
17 33
17 36
17 39
19 20
19 24
19 30
19 47
20 2
20 23
20 30
20 33
20 36
20 39
20 42
20 51
20 61
22 2
23 2
23 24
23 30
23 33
23 36
23 39
23 61
24 2
24 30
24 47
30 2
30 33
30 36
30 39
30 47
33 2
33 36
33 39
33 47
36 2
36 39
36 47
39 2
39 47
42 2
42 51
43 47
47 2
47 48
47 50
48 2
50 2
50 51
50 55
51 2
51 54
51 61
53 2
54 2
54 55
54 61
55 2
61 2
