522 523
522 524
522 525
522 527
522 529
522 531
522 532
522 533
522 534
522 535
522 536
522 537
522 538
522 539
522 540
522 541
522 542
522 544
522 549
522 552
523 522
523 531
523 532
523 538
523 541
524 522
524 529
525 522
525 527
527 522
527 529
529 522
529 533
529 540
529 552
531 522
531 532
531 533
531 534
531 541
531 552
532 522
532 534
533 522
533 536
534 522
534 531
534 535
534 536
534 538
536 522
536 533
536 537
536 538
537 522
537 536
537 538
538 522
538 536
538 539
538 540
538 541
538 544
539 522
539 540
540 522
540 541
540 552
541 522
541 531
541 533
541 542
542 522
542 533
549 522
552 522
