1466 1467
1466 1468
1466 1469
1466 1470
1466 1471
1466 1472
1466 1474
1466 1475
1466 1478
1466 1480
1466 1484
1466 1485
1466 1488
1466 1490
1466 1493
1466 1495
1466 1497
1466 1499
1466 1503
1467 1466
1467 1471
1468 1466
1468 1471
1469 1466
1469 1471
1470 1471
1471 1466
1471 1472
1471 1474
1471 1484
1471 1485
1471 1493
1471 1495
1471 1502
1471 1503
1472 1466
1472 1478
1472 1488
1472 1497
1474 1466
1474 1475
1474 1478
1475 1466
1475 1478
1478 1466
1478 1488
1478 1497
1480 1466
1484 1466
1484 1485
1484 1488
1485 1466
1485 1488
1488 1466
1488 1497
1490 1503
1493 1466
1493 1495
1493 1499
1493 1503
1495 1466
1495 1497
1497 1466
1499 1503
1502 1466
1502 1503
1503 1466
