96 97
96 99
96 101
96 102
96 106
96 108
96 112
96 122
96 124
96 128
96 130
96 134
96 136
96 138
96 140
96 141
96 142
96 144
96 146
96 148
96 150
96 152
96 156
96 157
96 162
97 99
97 102
97 148
99 97
99 102
99 124
99 128
99 130
102 106
102 108
102 112
106 108
106 112
108 112
112 97
124 97
124 144
124 156
128 97
128 130
128 156
130 128
130 134
130 136
130 138
134 97
134 136
134 156
136 138
136 156
138 128
138 130
138 140
138 141
138 142
138 144
138 146
138 156
138 157
138 162
140 141
141 142
142 152
142 156
144 97
144 146
144 156
146 148
146 150
146 156
148 97
148 150
148 156
150 152
150 156
152 156
156 136
157 128
157 130
157 162
162 97
162 128
162 130
162 156
