105 106
106 108
106 112
106 116
106 120
106 122
106 123
106 174
106 248
112 113
116 117
124 125
124 126
124 129
124 131
126 127
131 132
131 133
134 136
134 139
134 140
134 148
134 157
136 137
140 142
140 145
142 143
148 153
157 158
157 159
157 160
157 161
161 162
164 165
174 175
175 176
175 177
177 178
177 179
179 180
179 181
182 183
182 184
182 185
182 187
182 188
182 192
182 193
188 190
193 194
193 195
193 196
193 197
193 198
193 199
193 200
193 201
193 202
193 203
193 205
193 220
193 223
193 224
193 225
193 228
193 229
193 231
193 232
193 233
193 234
193 236
193 238
206 207
206 210
206 213
206 216
207 208
210 211
213 214
216 217
244 245
248 249
248 250
248 251
248 252
248 253
248 254
248 255
248 256
248 260
248 261
248 265
248 283
248 296
256 257
265 266
266 267
266 269
266 270
266 271
266 274
274 275
274 276
283 284
283 285
283 286
283 288
283 290
290 291
293 294
296 297
