105 108
108 112
112 113
112 116
113 116
117 105
120 122
122 123
123 125
125 126
125 129
127 129
129 125
129 131
131 125
131 132
131 175
132 133
133 125
133 136
133 175
136 139
139 140
140 148
142 143
142 145
143 145
145 148
158 159
159 160
160 161
161 125
161 136
161 162
161 165
161 175
162 125
162 136
162 165
162 175
165 125
165 136
165 175
175 176
175 245
175 248
176 177
177 178
177 245
177 248
178 179
179 180
179 245
179 248
180 181
181 183
183 184
184 185
185 187
187 188
188 190
188 192
190 192
192 193
193 183
193 194
193 245
193 248
194 195
195 196
196 197
197 198
198 199
199 200
200 201
201 202
202 203
203 205
205 207
207 208
207 210
208 210
210 211
210 213
211 213
213 214
213 216
214 216
216 207
216 217
216 220
217 207
217 220
220 223
223 224
224 225
225 228
228 229
229 231
231 232
232 233
233 234
234 236
236 238
238 183
238 245
238 248
245 248
248 249
248 297
249 250
250 251
251 252
252 253
253 254
254 255
255 256
256 257
256 260
257 260
260 261
261 265
265 267
265 284
267 269
269 270
270 271
271 274
274 275
274 284
275 276
276 105
284 285
285 286
286 288
288 290
290 105
290 291
290 294
291 105
291 294
294 105
297 105
