105 106
105 108
105 112
105 113
105 116
105 117
105 120
105 122
105 123
105 125
105 126
105 127
105 129
105 131
105 132
105 133
105 136
105 139
105 140
105 142
105 143
105 145
105 148
105 158
105 159
105 160
105 161
105 162
105 165
105 175
105 176
105 177
105 178
105 179
105 180
105 181
105 183
105 184
105 185
105 187
105 188
105 190
105 192
105 193
105 194
105 195
105 196
105 197
105 198
105 199
105 200
105 201
105 202
105 203
105 205
105 207
105 208
105 210
105 211
105 213
105 214
105 216
105 217
105 220
105 223
105 224
105 225
105 228
105 229
105 231
105 232
105 233
105 234
105 236
105 238
105 245
105 248
105 249
105 250
105 251
105 252
105 253
105 254
105 255
105 256
105 257
105 260
105 261
105 265
105 267
105 269
105 270
105 271
105 274
105 275
105 276
105 284
105 285
105 286
105 288
105 290
105 291
105 294
105 297
106 105
106 116
106 228
108 105
108 113
108 158
108 165
108 190
108 245
108 260
108 294
112 105
112 113
112 158
112 165
112 190
112 245
112 290
113 105
113 116
113 158
113 165
113 190
113 245
113 290
113 294
116 105
116 127
116 148
116 158
116 165
116 176
116 190
116 220
116 232
116 245
116 252
116 275
116 284
116 288
116 297
117 105
120 158
120 162
120 165
120 190
120 245
120 294
122 142
122 158
122 165
122 190
122 245
122 250
123 158
123 165
123 175
125 126
125 127
125 129
125 158
125 165
125 190
125 245
125 294
127 125
127 158
127 165
127 176
127 190
127 245
127 252
127 294
129 125
129 131
131 125
131 126
131 129
131 132
131 133
131 190
131 245
131 294
132 133
132 158
132 165
132 190
132 245
132 294
133 125
133 126
133 129
133 131
133 136
133 139
133 140
133 148
133 158
133 159
133 160
133 161
133 165
133 190
133 245
133 294
136 139
139 140
139 148
140 142
140 145
140 158
140 162
140 165
140 245
140 294
142 143
142 145
143 145
145 142
145 158
145 162
145 165
145 190
145 245
145 250
145 294
148 158
148 165
148 190
148 232
148 245
148 284
158 136
158 159
158 165
158 190
158 245
158 294
159 158
159 160
159 165
159 176
159 190
159 245
159 294
160 158
160 161
160 165
160 190
160 245
160 294
161 125
161 126
161 129
161 131
161 136
161 139
161 140
161 148
161 158
161 159
161 160
161 162
161 165
161 245
161 294
162 125
162 126
162 129
162 131
162 136
162 139
162 140
162 148
162 158
162 159
162 160
162 161
162 165
162 190
162 245
162 294
165 125
165 126
165 129
165 131
165 136
165 139
165 140
165 148
165 158
165 159
165 160
165 161
165 190
165 245
165 294
175 176
175 177
175 190
175 245
175 248
176 177
176 190
176 192
176 201
176 245
176 252
176 294
177 178
177 179
177 245
177 294
178 179
178 190
178 245
178 294
179 180
179 181
179 183
179 184
179 185
179 187
179 188
179 192
179 193
179 245
179 294
180 181
180 190
180 245
180 294
181 187
181 190
181 245
181 294
183 184
183 185
184 183
184 190
184 200
184 245
184 294
185 187
185 190
185 195
185 197
185 245
185 294
187 188
187 190
187 245
187 294
188 190
188 192
190 192
190 245
190 294
192 190
192 193
192 223
192 245
192 294
193 183
193 184
193 185
193 187
193 188
193 190
193 192
193 194
193 195
193 196
193 197
193 198
193 199
193 200
193 201
193 202
193 203
193 205
193 207
193 210
193 213
193 216
193 220
193 223
193 224
193 225
193 228
193 229
193 231
193 232
193 233
193 234
193 236
193 238
193 245
193 294
194 195
195 196
195 231
195 238
195 245
195 294
196 197
197 198
197 245
197 294
198 199
199 200
200 201
200 245
200 294
201 202
202 203
203 190
203 201
203 208
203 211
203 214
203 217
203 220
203 224
203 245
203 252
205 105
205 190
205 223
205 245
205 294
207 208
207 210
208 210
208 211
208 214
208 217
208 220
208 224
210 211
210 213
211 208
211 213
211 214
211 217
211 220
211 224
213 214
213 216
214 208
214 211
214 216
214 217
214 220
214 224
216 190
216 207
216 210
216 213
216 217
216 245
216 294
217 190
217 207
217 208
217 210
217 211
217 213
217 214
217 216
217 220
217 224
217 245
217 294
220 225
223 190
223 192
223 224
223 245
223 294
224 190
224 225
224 228
224 233
224 245
225 238
228 190
228 229
228 245
228 294
229 231
231 190
231 232
231 245
231 294
232 233
232 236
233 190
233 234
233 245
233 294
234 190
234 245
234 294
236 190
236 232
236 238
236 245
236 284
236 294
238 183
238 184
238 185
238 187
238 188
238 190
238 192
238 193
238 220
238 245
238 275
238 288
238 297
245 294
248 249
248 250
248 251
248 252
248 253
248 254
248 255
248 256
248 260
248 261
248 265
248 288
248 297
249 251
250 251
250 294
251 252
251 288
251 294
252 253
253 254
254 255
255 256
255 257
255 274
255 285
256 257
256 291
256 294
257 274
257 285
257 291
257 294
260 261
261 265
261 294
265 267
265 269
265 270
265 271
265 274
265 284
265 285
265 286
265 288
265 290
267 270
269 270
269 284
270 271
270 274
271 294
274 275
274 276
274 284
274 285
274 286
274 288
274 290
274 294
276 105
284 285
284 288
284 291
284 294
285 286
285 294
286 294
288 294
290 291
290 294
291 294
