68 69
68 70
68 71
68 72
68 73
68 74
68 76
68 77
68 80
68 81
68 82
68 83
68 85
68 87
68 88
68 89
68 90
68 91
68 100
68 103
68 104
68 105
68 107
69 68
69 70
70 68
70 71
71 68
71 72
71 74
71 76
71 77
71 80
72 68
72 73
72 77
72 90
72 104
73 68
73 74
73 76
73 77
73 80
73 81
73 82
73 83
73 87
73 88
73 90
73 91
73 100
73 103
73 104
73 107
74 68
76 77
76 91
76 105
77 68
77 82
77 91
77 105
80 81
80 82
80 91
81 82
81 87
82 83
82 91
83 85
83 88
83 91
85 91
87 88
87 91
88 91
88 100
88 103
88 105
88 107
90 91
91 100
100 68
103 105
103 107
104 105
105 107
107 68
