79 82
79 83
79 85
79 86
79 90
79 91
79 92
79 93
79 94
79 95
79 96
79 97
79 99
79 101
79 102
79 104
79 105
79 106
79 107
79 108
79 109
79 110
79 112
79 115
79 116
79 117
79 118
79 119
79 120
79 121
79 122
79 124
79 126
79 128
82 80
82 83
82 85
82 90
83 90
85 80
85 86
85 90
85 95
86 90
90 80
90 91
90 92
91 80
91 93
92 80
92 94
92 96
92 101
92 102
92 108
92 112
92 118
92 119
92 120
92 122
92 124
92 128
93 80
93 94
93 95
93 96
93 99
93 124
93 128
94 80
94 96
94 97
94 99
95 80
95 96
95 97
95 101
95 128
96 80
96 128
97 96
97 99
99 80
99 109
99 112
99 121
99 128
101 80
101 102
101 112
101 122
101 124
101 128
102 80
102 112
102 120
102 128
104 128
105 80
105 106
106 80
106 104
106 105
106 107
106 108
106 115
106 116
106 117
106 118
106 119
106 120
106 121
106 124
107 80
107 108
107 112
108 80
108 109
108 110
108 112
108 128
109 80
110 80
112 80
112 104
112 105
112 106
112 108
112 109
112 115
112 116
112 117
112 118
112 119
112 120
112 121
112 122
112 124
112 128
115 116
116 117
117 118
117 120
118 119
118 122
118 124
119 122
119 128
120 122
120 128
121 122
121 124
122 124
122 128
124 126
124 128
126 128
