196 199
199 200
199 201
200 196
201 202
201 203
202 246
203 204
203 205
204 246
205 206
205 207
206 246
207 208
207 209
208 246
209 210
209 211
210 246
211 212
211 213
212 246
213 214
213 218
214 215
215 216
215 217
216 217
217 246
218 219
218 220
219 246
220 221
220 222
221 246
222 223
222 224
223 246
224 225
224 226
225 196
226 227
226 228
227 196
228 229
228 230
229 196
230 231
230 232
231 196
232 233
232 234
233 196
234 235
234 236
235 196
236 237
236 238
237 196
238 239
238 240
239 196
240 241
240 243
241 196
243 244
244 196
246 196
