196 199
196 200
196 201
196 202
196 203
196 204
196 205
196 206
196 207
196 208
196 209
196 210
196 211
196 212
196 213
196 214
196 215
196 216
196 217
196 218
196 219
196 220
196 221
196 222
196 223
196 224
196 225
196 226
196 227
196 228
196 229
196 230
196 231
196 232
196 233
196 234
196 235
196 236
196 237
196 238
196 239
196 240
196 241
196 243
196 244
196 246
199 196
199 200
199 201
200 196
201 202
201 203
201 246
202 246
203 204
203 205
203 246
204 246
205 206
205 207
205 246
206 246
207 208
207 209
207 246
208 246
209 210
209 211
209 246
210 246
211 212
211 213
211 246
212 246
213 214
213 215
213 217
213 218
213 246
214 216
214 217
215 216
216 196
216 217
217 246
218 219
218 220
218 246
219 246
220 221
220 222
220 246
221 246
222 223
222 224
222 246
223 246
224 225
224 226
225 196
226 227
226 228
227 196
228 229
228 230
229 196
230 231
230 232
231 196
232 233
232 234
233 196
234 235
234 236
235 196
236 237
236 238
237 196
238 239
238 240
239 196
240 241
240 243
240 244
241 196
243 244
244 196
246 196
