337 340
337 341
337 342
337 344
337 345
337 346
337 347
337 349
337 350
337 351
337 353
337 354
337 355
337 356
337 357
337 359
337 360
337 361
337 363
337 366
337 367
337 368
337 369
340 341
341 340
341 342
341 344
341 345
341 346
342 340
344 346
345 346
346 347
346 349
346 350
347 340
349 350
349 354
350 351
350 353
350 354
350 356
351 340
353 356
353 359
353 367
353 368
354 355
354 356
354 367
354 368
355 354
355 356
356 357
356 359
356 360
356 363
356 368
357 340
359 360
360 354
360 361
360 363
361 340
363 356
363 359
363 367
363 368
367 340
368 369
368 371
369 340
371 340
