271 273
271 274
271 275
271 276
271 277
271 278
271 280
271 281
271 284
271 285
271 291
271 292
271 294
271 295
271 296
271 297
271 298
271 300
271 301
271 303
273 272
273 275
274 272
274 277
274 291
275 272
275 276
275 278
276 275
276 277
277 275
277 278
277 292
278 272
278 280
278 303
280 272
280 291
280 303
281 272
281 280
284 272
284 280
284 285
284 294
285 272
285 280
291 272
291 294
292 272
292 294
294 272
294 295
295 272
295 296
296 272
296 297
297 272
297 298
298 272
298 300
300 272
300 301
301 272
303 272
