7105 7106
7105 7108
7105 7110
7105 7111
7105 7115
7105 7116
7105 7118
7105 7119
7105 7120
7105 7122
7105 7124
7105 7125
7105 7126
7105 7129
7105 7132
7105 7133
7105 7134
7106 7105
7106 7108
7108 7105
7108 7110
7108 7111
7108 7115
7108 7116
7108 7118
7108 7119
7108 7124
7108 7125
7108 7126
7108 7129
7110 7105
7111 7105
7115 7116
7115 7118
7116 7115
7116 7124
7116 7125
7116 7132
7118 7119
7118 7122
7118 7129
7119 7120
7119 7122
7119 7124
7120 7105
7120 7122
7122 7118
7122 7124
7122 7129
7124 7125
7125 7126
7126 7115
7126 7116
7126 7118
7126 7119
7126 7124
7126 7125
7126 7133
7129 7132
7129 7133
7132 7133
7133 7132
7133 7134
7134 7132
7134 7133
