387 388
387 389
387 390
387 391
387 394
387 395
387 396
387 397
387 398
387 399
387 401
387 402
387 403
387 406
387 407
387 408
387 409
387 410
387 412
387 413
387 420
387 421
388 391
388 395
388 398
388 412
389 388
389 392
389 408
389 412
389 418
389 421
390 388
391 388
391 394
391 401
392 388
392 408
392 412
392 418
394 388
394 395
394 396
394 397
395 388
395 412
396 388
397 388
397 398
397 399
398 388
398 412
399 388
401 388
401 402
401 403
401 406
401 407
401 412
402 388
402 403
402 406
403 388
403 406
406 388
406 407
406 408
406 409
406 412
407 388
407 408
407 409
407 410
407 412
408 388
408 409
408 412
409 388
409 406
409 412
410 388
412 388
412 406
412 407
412 408
412 413
412 418
412 421
413 388
413 406
413 407
413 412
418 388
421 388
