154 155
155 156
155 157
155 158
155 159
155 160
155 161
161 162
161 179
161 186
161 189
161 190
161 192
161 205
161 291
161 303
162 163
162 169
162 170
163 164
163 165
166 167
170 171
170 172
173 174
179 180
179 181
181 182
192 194
194 195
194 196
194 197
194 198
198 199
198 200
198 201
205 206
205 218
205 228
205 278
206 207
206 210
206 211
207 208
211 212
211 215
212 213
218 219
218 221
218 223
223 224
228 229
228 239
229 230
229 231
231 232
231 234
232 233
234 235
239 240
239 256
240 241
240 243
240 244
240 245
240 246
240 248
240 249
240 250
240 251
240 252
240 253
240 254
256 257
257 258
257 260
257 261
257 262
257 263
257 265
257 266
257 267
257 268
257 269
257 270
257 271
278 279
280 281
280 283
281 282
283 284
283 285
285 286
291 292
291 294
292 293
294 295
294 300
295 298
300 301
303 304
304 305
304 306
