154 156
156 157
157 158
158 159
159 160
160 162
162 164
162 179
164 165
165 167
165 169
167 169
169 171
171 172
172 174
172 179
174 179
179 180
179 182
180 186
182 186
186 189
189 190
190 192
192 194
192 205
194 195
194 199
195 196
196 197
197 205
199 200
200 201
201 205
205 206
205 291
206 207
206 212
207 208
207 210
208 210
210 218
212 213
212 215
213 215
215 218
218 219
218 228
219 221
221 223
223 224
223 228
224 228
230 231
231 232
231 235
232 239
235 239
239 240
239 257
240 241
241 243
243 244
244 245
245 246
246 248
248 249
249 250
250 251
251 252
252 253
253 254
254 240
257 258
258 260
260 261
261 262
262 263
263 265
265 266
266 267
267 268
268 269
269 270
270 271
271 257
279 205
279 281
281 283
283 284
283 286
284 205
286 205
291 293
291 295
292 304
293 292
295 298
295 301
298 301
300 304
301 300
304 155
304 305
305 306
306 155
