1024 1026
1024 1029
1024 1030
1024 1032
1024 1033
1024 1164
1026 1027
1033 1034
1033 1159
1035 1037
1035 1038
1038 1040
1038 1042
1038 1056
1038 1155
1042 1043
1042 1045
1042 1050
1042 1052
1045 1046
1045 1047
1047 1048
1052 1053
1056 1057
1056 1059
1056 1061
1056 1146
1056 1147
1061 1065
1061 1084
1065 1066
1065 1067
1067 1068
1073 1074
1073 1075
1084 1085
1084 1119
1084 1129
1093 1094
1100 1101
1100 1102
1100 1104
1102 1103
1111 1112
1119 1122
1122 1123
1122 1124
1124 1126
1129 1130
1129 1131
1129 1132
1129 1133
1133 1134
1133 1141
1134 1135
1134 1136
1136 1137
1136 1139
1141 1142
1147 1148
1150 1151
1152 1153
1155 1156
1159 1160
1160 1161
