1024 1026
1027 1029
1029 1030
1030 1032
1032 1034
1034 1037
1037 1040
1040 1043
1043 1046
1043 1048
1046 1050
1048 1050
1050 1053
1053 1057
1057 1059
1059 1065
1059 1085
1065 1066
1065 1160
1066 1067
1067 1065
1067 1074
1067 1081
1074 1075
1075 1065
1081 1065
1085 1088
1085 1092
1085 1098
1085 1110
1085 1116
1088 1119
1092 1093
1093 1094
1093 1119
1094 1119
1098 1099
1099 1100
1099 1106
1100 1099
1100 1101
1101 1102
1102 1103
1102 1104
1103 1104
1106 1119
1110 1111
1110 1119
1111 1110
1116 1119
1119 1122
1119 1130
1119 1160
1122 1123
1122 1130
1122 1160
1123 1124
1124 1122
1124 1126
1126 1122
1130 1131
1131 1132
1132 1133
1133 1134
1133 1142
1134 1135
1134 1137
1135 1160
1137 1139
1139 1160
1142 1160
1148 1151
1148 1156
1151 1153
1153 1156
1156 1037
1156 1160
1160 1161
1160 1164
1161 1164
1164 1024
