409 410
410 411
411 412
412 414
414 416
416 430
416 433
430 416
433 436
433 440
436 433
440 442
442 443
443 442
446 450
449 455
450 449
455 456
455 458
456 460
458 460
460 455
460 463
463 465
465 467
467 468
467 469
467 474
468 467
469 467
474 477
477 479
479 480
480 481
481 483
483 485
485 486
486 492
492 479
492 495
495 497
497 500
500 504
504 507
507 508
507 510
507 516
508 507
510 507
516 518
518 519
518 525
519 518
519 520
519 525
520 519
525 527
527 538
538 539
538 554
539 540
540 541
541 538
554 555
554 559
555 554
559 560
559 564
560 559
564 572
572 573
572 575
572 580
573 572
575 572
580 581
580 680
581 583
582 585
583 582
585 586
585 591
586 587
586 591
587 586
591 592
592 593
592 604
593 594
593 604
594 595
595 596
604 606
606 608
608 609
609 610
609 636
610 611
611 613
613 614
614 615
615 618
615 620
618 622
620 622
622 623
623 624
624 618
624 620
624 625
624 630
625 618
625 620
625 630
629 631
630 629
631 636
636 637
637 638
637 641
638 641
641 642
641 645
642 643
642 648
643 642
645 648
648 649
648 652
649 650
649 655
650 649
652 655
655 656
655 658
656 661
658 661
661 663
661 665
663 661
665 666
666 668
666 673
667 669
668 667
669 671
670 676
671 670
673 676
676 580
676 680
680 688
688 689
688 691
688 696
689 688
691 688
696 697
696 787
697 698
697 700
698 697
700 701
700 702
700 749
701 700
702 703
703 704
703 708
704 708
707 709
708 707
709 711
711 712
712 713
713 716
713 718
716 720
718 720
720 721
721 722
722 723
722 725
723 725
725 726
725 728
726 728
728 729
728 731
729 731
731 732
731 734
732 734
734 735
734 737
735 737
737 716
737 718
737 738
737 743
738 716
738 718
738 743
742 745
743 742
745 752
749 752
752 753
753 755
753 780
754 756
755 754
756 758
758 760
760 761
761 764
761 766
764 768
766 768
768 769
769 771
771 772
771 774
772 774
774 764
774 766
774 775
774 778
775 764
775 766
775 778
778 783
780 783
783 696
783 787
787 795
795 796
795 798
795 803
796 795
798 795
803 804
803 910
804 807
806 809
807 806
809 810
809 818
810 811
810 818
811 812
812 813
818 820
820 822
822 823
823 824
823 850
824 825
825 827
827 828
828 829
829 832
829 834
832 836
834 836
836 837
837 838
838 832
838 834
838 839
838 844
839 832
839 834
839 844
843 845
844 843
845 850
850 851
851 852
851 853
851 896
852 851
853 854
854 855
855 856
855 860
856 860
859 861
860 859
861 863
863 864
864 865
865 868
865 870
868 872
870 872
872 873
873 874
874 875
874 877
875 877
877 878
877 880
878 880
880 881
880 883
881 883
883 884
883 886
884 886
886 868
886 870
886 887
886 892
887 868
887 870
887 892
891 896
892 891
895 899
895 903
896 895
899 906
903 906
906 803
906 910
910 918
918 919
918 921
918 926
919 918
921 918
926 927
926 1030
927 930
929 932
930 929
932 933
932 941
933 934
933 941
934 935
935 936
941 943
943 945
945 946
946 947
946 973
947 948
948 950
950 951
951 952
952 955
952 957
955 959
957 959
959 960
960 961
961 955
961 957
961 962
961 967
962 955
962 957
962 967
966 968
967 966
968 973
973 974
974 975
974 976
974 1016
975 974
976 978
978 979
979 980
979 984
980 984
983 985
984 983
985 987
987 988
988 989
989 992
989 994
992 996
994 996
996 997
997 998
998 999
998 1001
999 1001
1001 1002
1001 1004
1002 1004
1004 1005
1004 1007
1005 1007
1007 992
1007 994
1007 1008
1007 1013
1008 992
1008 994
1008 1013
1012 1016
1013 1012
1016 1019
1016 1023
1019 1026
1023 1026
1026 926
1026 1030
1030 1037
1037 1038
1038 409
