1042 1044
1044 1046
1044 1047
1044 1051
1044 1056
1044 1058
1044 1063
1044 1064
1044 1166
1047 1048
1051 1052
1052 1053
1052 1054
1058 1059
1060 1061
1065 1067
1065 1071
1065 1072
1065 1077
1065 1078
1065 1085
1065 1111
1065 1113
1065 1120
1065 1122
1065 1144
1065 1145
1065 1158
1065 1159
1067 1068
1072 1073
1072 1074
1074 1075
1078 1079
1079 1080
1079 1081
1079 1082
1085 1086
1086 1087
1086 1096
1087 1088
1088 1089
1089 1090
1089 1091
1089 1092
1089 1093
1093 1094
1096 1097
1096 1103
1097 1098
1097 1100
1097 1101
1097 1102
1098 1099
1103 1104
1103 1105
1103 1106
1103 1107
1113 1114
1113 1117
1113 1118
1113 1119
1122 1123
1122 1124
1122 1125
1122 1132
1125 1126
1125 1127
1125 1128
1125 1129
1125 1130
1125 1131
1132 1133
1132 1134
1132 1135
1132 1136
1132 1137
1138 1139
1140 1141
1145 1146
1145 1147
1145 1148
1145 1149
1149 1150
1149 1156
1150 1151
1150 1154
1150 1155
1151 1152
1151 1153
1159 1160
