1042 1046
1046 1047
1047 1048
1047 1051
1048 1044
1051 1052
1051 1056
1052 1056
1056 1059
1059 1061
1059 1063
1061 1063
1063 1064
1064 1067
1071 1072
1072 1073
1072 1077
1073 1074
1074 1072
1074 1075
1075 1074
1077 1078
1078 1079
1078 1085
1079 1085
1081 1082
1082 1079
1085 1086
1085 1111
1086 1087
1086 1097
1087 1088
1088 1087
1089 1111
1092 1094
1093 1089
1094 1093
1097 1098
1097 1103
1098 1100
1100 1102
1102 1097
1103 1111
1105 1107
1107 1103
1111 1113
1113 1114
1113 1120
1114 1118
1118 1119
1119 1113
1120 1123
1123 1136
1124 1125
1125 1126
1125 1132
1126 1125
1132 1124
1132 1139
1132 1144
1136 1137
1137 1132
1139 1141
1141 1144
1144 1146
1145 1150
1145 1158
1146 1147
1147 1148
1148 1145
1150 1151
1150 1156
1151 1154
1154 1150
1156 1158
1158 1159
1159 1067
1159 1160
1159 1166
1160 1067
1160 1166
1166 1044
