1042 1044
1042 1046
1042 1047
1042 1048
1042 1051
1042 1052
1042 1056
1042 1059
1042 1061
1042 1063
1042 1064
1042 1067
1042 1071
1042 1073
1042 1074
1042 1077
1042 1078
1042 1079
1042 1082
1042 1085
1042 1086
1042 1087
1042 1088
1042 1089
1042 1093
1042 1094
1042 1097
1042 1098
1042 1100
1042 1102
1042 1103
1042 1105
1042 1107
1042 1111
1042 1113
1042 1114
1042 1120
1042 1123
1042 1124
1042 1125
1042 1126
1042 1132
1042 1136
1042 1137
1042 1139
1042 1141
1042 1144
1042 1145
1042 1146
1042 1147
1042 1150
1042 1151
1042 1154
1042 1156
1042 1158
1042 1159
1042 1160
1042 1166
1044 1046
1046 1044
1046 1047
1046 1051
1046 1071
1047 1044
1047 1048
1047 1051
1047 1052
1047 1056
1047 1059
1047 1061
1047 1063
1047 1064
1047 1067
1047 1071
1047 1072
1047 1073
1047 1074
1047 1075
1047 1077
1047 1078
1047 1079
1047 1085
1047 1089
1047 1103
1047 1111
1047 1113
1047 1114
1047 1118
1047 1119
1047 1120
1047 1123
1047 1124
1047 1125
1047 1126
1047 1132
1047 1136
1047 1137
1047 1139
1047 1141
1047 1144
1047 1145
1047 1146
1047 1147
1047 1148
1047 1158
1047 1159
1047 1160
1047 1166
1048 1044
1051 1052
1051 1059
1052 1059
1052 1061
1052 1079
1052 1089
1052 1103
1052 1139
1052 1141
1052 1160
1056 1059
1059 1061
1059 1063
1059 1064
1059 1079
1059 1089
1059 1103
1059 1114
1061 1079
1061 1089
1061 1103
1061 1139
1061 1141
1061 1160
1063 1067
1063 1073
1064 1071
1064 1079
1064 1089
1064 1103
1064 1111
1064 1139
1064 1141
1064 1160
1067 1071
1067 1079
1067 1085
1071 1074
1071 1077
1072 1145
1073 1044
1073 1072
1073 1082
1073 1089
1073 1103
1073 1139
1073 1141
1073 1160
1074 1044
1074 1072
1074 1077
1074 1079
1074 1082
1074 1089
1074 1094
1074 1103
1074 1111
1074 1113
1074 1118
1074 1125
1074 1139
1074 1141
1074 1145
1077 1078
1077 1079
1077 1089
1077 1097
1077 1139
1077 1141
1077 1145
1077 1160
1078 1079
1078 1081
1078 1082
1078 1086
1078 1120
1079 1089
1079 1097
1079 1103
1079 1139
1079 1141
1079 1160
1082 1073
1082 1079
1082 1089
1082 1093
1082 1094
1082 1103
1082 1139
1082 1141
1082 1145
1082 1160
1085 1086
1085 1088
1085 1100
1085 1111
1086 1087
1086 1088
1086 1097
1086 1098
1086 1100
1086 1102
1086 1103
1086 1105
1086 1107
1086 1120
1087 1089
1087 1120
1088 1087
1088 1089
1088 1094
1088 1111
1088 1123
1089 1079
1089 1103
1089 1111
1089 1139
1089 1141
1089 1160
1093 1082
1093 1089
1093 1103
1093 1139
1093 1141
1093 1160
1094 1089
1094 1093
1094 1145
1097 1103
1097 1150
1100 1097
1100 1102
1102 1097
1102 1105
1103 1079
1103 1089
1103 1139
1103 1141
1103 1160
1105 1103
1105 1107
1107 1103
1107 1111
1111 1079
1111 1089
1111 1103
1111 1113
1111 1139
1111 1141
1111 1145
1111 1156
1111 1160
1113 1132
1113 1139
1113 1141
1113 1145
1113 1158
1114 1113
1114 1126
1118 1113
1118 1145
1120 1132
1123 1124
1123 1136
1124 1079
1124 1088
1124 1103
1124 1123
1124 1125
1124 1139
1124 1141
1124 1160
1125 1067
1125 1079
1125 1089
1125 1103
1125 1137
1125 1139
1125 1141
1125 1160
1126 1125
1126 1139
1126 1141
1126 1147
1132 1125
1132 1139
1132 1141
1132 1146
1132 1160
1136 1125
1136 1132
1137 1132
1139 1079
1139 1089
1139 1103
1139 1141
1139 1160
1141 1079
1141 1089
1141 1103
1141 1139
1141 1158
1141 1160
1144 1044
1144 1145
1145 1071
1145 1079
1145 1089
1145 1103
1145 1139
1145 1141
1145 1150
1145 1151
1145 1154
1145 1156
1145 1158
1145 1160
1145 1166
1146 1145
1146 1154
1146 1158
1147 1079
1147 1089
1147 1103
1147 1114
1147 1145
1147 1160
1150 1079
1150 1089
1150 1097
1150 1103
1150 1139
1150 1141
1150 1160
1154 1150
1154 1158
1156 1071
1156 1079
1156 1089
1156 1103
1156 1111
1156 1160
1158 1067
1158 1071
1158 1079
1158 1089
1158 1103
1158 1132
1158 1159
1158 1160
1158 1166
1159 1067
1159 1071
1159 1072
1159 1073
1159 1074
1159 1075
1159 1077
1159 1078
1159 1079
1159 1085
1159 1089
1159 1103
1159 1111
1159 1113
1159 1114
1159 1118
1159 1119
1159 1120
1159 1123
1159 1124
1159 1125
1159 1126
1159 1132
1159 1136
1159 1137
1159 1139
1159 1141
1159 1144
1159 1145
1159 1146
1159 1147
1159 1148
1159 1158
1159 1160
1160 1067
1160 1071
1160 1072
1160 1073
1160 1074
1160 1075
1160 1077
1160 1078
1160 1079
1160 1085
1160 1089
1160 1103
1160 1111
1160 1113
1160 1114
1160 1118
1160 1119
1160 1120
1160 1123
1160 1124
1160 1125
1160 1126
1160 1132
1160 1136
1160 1137
1160 1139
1160 1141
1160 1144
1160 1145
1160 1146
1160 1147
1160 1148
1160 1158
1160 1159
1166 1044
