200 201
200 202
200 203
200 207
200 209
200 210
200 211
200 214
200 215
200 217
200 219
200 220
200 226
200 227
200 229
200 234
200 238
201 210
201 211
201 226
201 229
201 238
202 238
203 238
207 201
207 209
207 210
207 211
207 214
207 227
209 201
209 214
209 215
209 217
209 227
210 201
210 209
210 215
210 229
210 238
211 201
211 209
211 226
214 201
214 215
214 227
215 201
215 217
215 219
215 220
217 201
217 219
217 220
217 229
217 238
219 201
219 229
219 238
220 201
220 219
226 201
226 227
226 238
227 201
227 229
227 234
229 201
229 234
229 238
234 201
238 201
