84 86
86 87
87 89
89 90
90 91
91 85
91 93
93 94
94 85
94 96
96 97
97 98
98 85
98 100
100 101
100 153
101 102
102 104
103 105
104 103
105 85
105 106
106 149
149 150
150 85
153 154
153 198
154 156
155 157
156 155
157 85
157 158
158 194
194 195
195 85
198 199
199 200
200 201
201 202
202 203
203 204
203 206
204 85
206 207
207 208
208 209
209 211
212 213
213 214
214 215
215 216
216 218
218 211
218 219
218 270
219 220
220 221
221 222
222 223
223 224
224 226
226 227
227 228
228 229
228 234
229 230
229 231
230 229
234 265
265 266
266 211
266 218
266 270
270 85
