84 85
84 86
84 87
84 89
84 90
84 91
84 93
84 94
84 96
84 97
84 98
84 100
84 101
84 102
84 103
84 104
84 105
84 106
84 149
84 150
84 153
84 154
84 155
84 156
84 157
84 158
84 194
84 195
84 198
84 199
84 200
84 201
84 202
84 203
84 204
84 206
84 207
84 208
84 209
84 211
84 212
84 213
84 214
84 215
84 216
84 218
84 219
84 220
84 221
84 222
84 223
84 224
84 226
84 227
84 228
84 229
84 230
84 231
84 234
84 265
84 266
84 270
85 86
85 149
85 194
85 208
86 85
86 87
87 85
87 89
87 100
87 207
89 85
89 90
89 96
90 85
90 91
90 100
90 153
91 85
91 93
91 94
93 94
94 85
94 96
94 97
94 98
96 85
96 97
96 104
96 156
96 201
97 98
97 207
98 85
98 100
98 104
98 156
98 207
100 101
100 102
100 103
100 104
100 105
100 153
100 154
100 201
101 102
102 104
103 105
104 103
105 85
105 106
105 149
105 150
106 149
149 150
150 85
153 85
153 154
153 155
153 156
153 157
153 198
153 199
153 200
153 201
153 202
153 203
154 156
155 157
156 155
157 85
157 158
157 194
157 195
158 194
194 195
195 85
198 204
198 209
199 226
200 202
200 211
201 85
201 202
202 203
202 211
203 204
203 206
203 207
203 208
203 209
203 211
203 212
203 213
203 214
203 215
203 216
203 218
203 270
204 85
206 207
207 208
207 216
207 231
208 209
208 265
209 266
209 270
211 212
212 211
212 213
213 214
214 215
215 227
216 227
216 231
218 211
218 212
218 213
218 214
218 215
218 216
218 219
218 220
218 221
218 222
218 223
218 224
218 226
218 227
218 228
218 234
218 265
218 266
219 218
219 220
220 221
220 226
221 222
222 223
222 224
222 226
224 226
227 228
228 229
229 230
229 231
230 229
231 216
234 265
265 266
266 211
266 212
266 213
266 214
266 215
266 216
266 218
266 270
270 85
