110 111
110 112
110 114
110 122
110 127
110 130
110 131
110 132
110 133
110 135
110 136
110 138
110 139
110 140
110 141
110 144
110 145
110 146
110 148
110 149
110 151
110 153
110 154
110 156
110 157
110 160
110 161
110 162
110 164
110 167
110 169
110 170
110 171
110 172
110 174
110 175
110 177
110 178
110 182
110 186
110 188
110 189
110 190
110 191
110 193
110 194
110 195
110 199
110 204
110 205
110 206
110 209
110 210
110 211
110 214
110 215
110 216
111 110
111 112
112 110
112 114
114 110
114 122
114 151
114 160
122 110
122 135
122 151
122 153
122 154
122 160
122 167
127 110
127 138
130 131
130 132
131 133
131 135
131 145
132 133
132 151
132 160
133 110
133 135
135 110
135 136
135 151
135 154
135 160
135 174
136 110
136 138
136 151
136 160
136 210
138 110
138 139
138 141
138 151
138 154
138 160
139 110
139 140
139 141
139 151
139 157
140 110
140 141
141 110
141 138
141 151
141 154
141 157
141 160
144 110
144 149
145 144
145 146
146 144
146 148
148 144
148 151
148 160
148 167
149 110
149 151
149 153
149 160
151 110
151 154
151 160
153 110
153 151
153 154
153 156
153 160
154 156
154 160
154 161
156 110
156 157
156 160
157 110
157 160
157 162
160 110
160 151
160 161
160 164
161 110
161 135
161 151
161 153
161 154
161 162
161 178
161 195
162 110
162 151
162 164
162 175
162 177
164 110
167 110
167 151
167 160
167 186
169 170
169 171
170 172
170 174
170 175
170 182
171 172
172 110
172 174
174 110
174 175
174 177
174 178
174 180
174 182
174 193
175 110
175 151
175 160
175 169
175 170
175 171
175 174
175 177
175 178
175 188
175 194
175 195
177 110
177 151
177 169
177 170
177 171
177 174
177 175
177 194
178 110
178 135
178 151
178 160
178 175
178 177
178 195
182 169
182 178
182 188
186 110
186 130
186 151
186 160
186 167
188 110
188 189
188 190
189 110
189 151
189 160
189 169
189 188
189 191
189 193
189 199
190 110
190 191
191 110
191 193
193 110
193 151
193 160
193 195
194 110
194 130
194 131
194 132
194 135
194 136
194 138
194 139
194 144
194 145
194 146
194 148
194 149
194 151
194 153
194 154
194 156
194 157
194 160
194 161
194 162
194 167
194 169
194 170
194 171
194 174
194 186
194 188
194 189
194 190
194 193
195 110
195 135
195 151
195 160
195 175
195 178
195 194
199 110
199 151
199 160
199 169
199 188
199 195
204 110
204 205
205 110
205 206
205 216
206 110
206 214
209 110
209 210
209 215
210 110
210 211
210 216
211 110
211 216
214 110
214 215
215 110
215 209
215 216
216 110
216 209
216 210
216 214
216 215
