3590 3591
3591 3592
3592 3593
3593 3594
3594 3595
3595 3596
3596 3598
3598 3600
3598 3629
3600 3601
3601 3602
3602 3604
3602 3629
3604 3605
3605 3606
3606 3607
3607 3608
3608 3610
3608 3629
3610 3611
3611 3612
3612 3613
3612 3618
3613 3618
3614 3613
3614 3615
3615 3614
3618 3619
3619 3620
3620 3621
3620 3624
3621 3624
3622 3621
3622 3623
3623 3622
3624 3629
3629 3630
3629 3631
3630 3647
3631 3632
3631 3645
3632 3633
3633 3634
3634 3635
3634 3643
3635 3636
3636 3637
3637 3634
3637 3638
3638 3643
3643 3647
3645 3647
