1277 1278
1277 1279
1277 1280
1277 1282
1277 1283
1277 1285
1277 1286
1277 1288
1277 1289
1277 1291
1277 1292
1277 1293
1277 1294
1277 1295
1277 1298
1277 1299
1277 1300
1277 1301
1277 1304
1277 1305
1277 1306
1277 1309
1277 1311
1278 1279
1279 1278
1279 1280
1279 1282
1280 1278
1280 1283
1280 1285
1282 1278
1282 1283
1282 1285
1282 1286
1282 1289
1283 1278
1283 1288
1285 1278
1285 1286
1286 1278
1286 1288
1286 1289
1288 1278
1288 1289
1289 1278
1289 1291
1289 1292
1289 1299
1289 1305
1289 1309
1291 1278
1291 1292
1291 1293
1291 1294
1291 1295
1291 1298
1292 1278
1292 1293
1293 1278
1293 1294
1294 1278
1294 1295
1294 1298
1295 1299
1295 1305
1295 1309
1298 1278
1298 1299
1298 1300
1298 1301
1298 1304
1299 1278
1299 1300
1300 1278
1300 1301
1300 1304
1301 1278
1301 1305
1301 1309
1304 1278
1304 1305
1304 1306
1305 1278
1305 1306
1306 1278
1306 1309
1309 1278
1311 1278
