272 273
272 274
272 275
272 276
272 277
272 278
272 280
272 281
272 283
272 284
272 286
272 287
272 288
272 291
272 292
272 293
272 294
272 295
272 296
272 297
272 298
272 299
272 304
272 306
272 307
272 309
272 311
273 274
273 286
273 292
274 273
274 275
274 276
274 277
275 273
276 277
276 281
276 284
276 288
277 278
277 280
277 283
277 286
277 287
277 291
277 292
277 304
277 306
277 307
277 309
277 311
278 273
280 281
280 283
281 284
281 288
283 284
283 286
284 288
286 287
286 293
286 306
287 288
287 291
291 295
292 293
292 294
293 294
293 306
294 295
294 296
294 298
295 296
296 297
296 298
297 296
297 298
297 299
298 306
299 296
304 273
304 309
306 307
306 309
307 309
309 306
309 307
309 311
311 273
