78 79
78 80
78 81
78 82
78 84
78 85
78 87
78 88
78 89
78 90
78 91
78 92
78 93
78 98
78 99
78 104
78 111
78 118
78 120
78 121
78 122
78 124
78 125
78 127
78 128
78 130
78 131
78 133
78 134
78 136
78 140
78 143
78 144
78 145
78 146
78 149
78 150
78 152
78 153
78 155
78 156
78 157
79 80
80 79
80 81
80 82
80 99
80 155
81 79
81 82
81 85
81 98
82 79
82 84
82 88
84 79
84 85
84 99
84 156
85 79
85 87
85 98
85 99
85 118
87 79
87 98
87 99
87 111
87 143
87 145
88 87
88 89
89 87
89 90
90 87
90 91
91 87
91 92
92 87
92 93
93 87
93 99
93 118
98 79
98 99
98 134
98 153
98 155
99 79
99 111
99 118
104 79
104 99
111 79
111 118
118 79
118 122
118 125
118 128
118 133
118 134
118 143
118 145
118 152
122 140
122 144
122 146
122 149
122 150
122 153
125 140
125 144
125 146
125 149
125 150
125 153
128 140
128 144
128 146
128 149
128 150
128 153
133 79
134 79
134 133
136 79
140 156
143 144
143 145
143 152
143 156
144 143
144 145
144 146
144 149
144 150
144 153
145 146
145 149
145 152
145 156
146 145
146 149
146 150
146 153
149 150
149 153
149 156
150 153
150 156
152 156
153 152
153 155
153 156
155 156
156 157
157 156
