71 72
71 73
71 74
71 75
71 76
71 77
71 79
71 80
71 82
71 83
71 84
71 85
71 89
71 90
71 91
71 93
71 94
71 97
71 98
71 102
71 106
71 107
71 112
71 115
71 119
71 120
71 126
71 127
71 128
71 131
71 134
71 137
71 138
71 142
71 143
71 147
71 149
71 150
72 71
72 102
73 71
73 128
74 71
74 128
75 71
75 134
75 137
76 82
76 94
76 107
76 143
77 71
77 85
77 150
79 80
79 83
79 91
79 147
80 71
80 82
80 83
80 89
80 90
80 91
80 93
80 97
80 98
80 142
80 147
80 149
80 150
82 71
82 83
82 94
82 107
82 143
83 71
83 89
83 91
84 71
85 71
89 90
89 91
90 93
90 102
91 94
91 98
91 102
91 147
93 94
93 102
93 142
94 98
94 107
94 143
98 102
98 106
98 107
98 112
98 115
98 119
98 120
98 126
98 134
98 143
102 106
102 107
102 115
102 119
102 120
102 121
102 122
102 123
102 126
102 128
102 131
102 134
102 138
102 147
106 98
106 102
106 107
106 112
107 102
107 112
107 115
107 131
107 138
107 147
112 107
112 127
112 143
115 102
119 102
119 120
119 121
119 128
119 138
119 147
120 102
120 121
120 122
120 123
120 128
120 138
120 147
121 122
122 102
122 123
122 128
122 138
122 147
123 102
123 128
123 138
123 147
126 102
126 142
127 128
128 102
128 107
128 134
128 138
128 143
128 147
128 150
131 102
131 138
131 147
134 102
134 137
134 138
134 147
137 138
138 102
138 134
138 137
138 147
142 143
150 71
