196 198
196 199
196 200
196 201
196 204
196 207
196 208
196 209
196 211
196 212
196 214
196 215
196 217
196 219
196 220
196 221
196 223
196 225
196 226
196 227
196 228
196 229
196 231
196 232
196 236
198 196
198 200
198 207
198 209
198 212
198 215
198 221
198 227
198 236
199 196
199 200
199 201
199 204
199 228
200 196
200 201
200 204
201 196
201 209
201 212
201 215
201 221
201 227
201 236
204 196
204 209
204 212
204 215
204 221
204 227
204 236
207 196
207 208
208 196
208 209
208 211
209 196
209 198
209 199
209 207
209 208
211 212
211 214
212 198
212 199
212 207
212 208
214 215
214 217
215 198
215 199
215 207
215 208
217 219
217 220
217 221
217 223
219 221
220 219
221 198
221 199
221 207
221 208
223 225
223 226
223 227
223 228
223 229
223 231
223 232
223 236
225 228
226 225
227 231
228 227
231 198
231 199
231 207
231 208
231 232
232 196
232 231
236 198
236 199
236 207
236 208
