810 811
810 814
810 815
810 816
810 819
810 820
810 821
810 822
810 823
810 825
810 827
810 829
810 831
810 833
810 835
810 837
810 839
810 840
810 844
810 848
810 849
810 850
810 851
810 852
810 853
810 854
811 810
811 829
811 835
814 810
814 815
815 810
815 819
815 820
815 822
815 825
815 831
815 837
815 840
815 844
815 848
815 850
816 844
819 810
819 820
819 821
820 810
820 821
820 822
820 844
821 810
821 819
821 822
821 825
821 831
821 837
821 844
822 810
822 820
822 823
822 825
822 831
822 837
822 844
822 848
823 810
823 825
823 827
823 829
823 844
825 810
825 819
825 827
825 831
825 837
825 844
827 810
827 820
827 822
827 825
827 831
827 837
827 844
827 848
829 810
829 831
829 833
829 835
829 844
831 810
831 819
831 825
831 833
831 837
831 844
833 810
833 820
833 822
833 825
833 831
833 837
833 844
833 848
835 810
835 837
835 839
835 840
835 844
837 810
837 819
837 825
837 831
837 839
837 844
839 810
839 820
839 822
839 825
839 831
839 837
839 840
839 844
839 848
840 810
840 825
840 831
840 835
840 837
840 844
840 848
840 850
844 810
848 810
848 850
848 851
849 810
849 850
850 810
850 851
850 852
851 810
851 852
851 853
852 810
852 853
852 854
853 810
853 854
854 810
