2 3
2 4
2 5
2 8
2 9
2 11
2 12
2 15
2 16
2 18
2 19
2 21
2 22
2 24
2 25
2 26
2 31
2 32
2 35
2 36
2 37
2 40
2 43
2 44
2 46
2 47
2 49
2 50
2 55
2 56
2 57
2 58
2 62
2 63
2 64
2 65
2 66
2 67
2 68
2 69
2 70
2 72
2 75
2 76
2 77
2 78
2 79
2 80
2 81
2 82
2 84
2 90
2 91
2 95
2 96
2 97
2 98
2 102
2 104
3 2
3 4
3 12
4 2
4 5
5 2
5 25
5 37
5 67
5 75
5 102
8 2
8 11
9 2
9 8
11 2
11 12
11 15
12 2
12 11
12 16
15 2
15 16
15 19
16 2
16 15
16 55
18 2
18 25
19 2
19 18
21 2
21 40
21 78
21 84
22 2
22 66
22 72
24 2
24 25
24 26
24 31
24 32
24 35
24 36
24 43
24 44
24 46
24 47
24 49
24 50
24 55
24 56
24 58
24 62
24 90
24 91
24 95
24 96
24 97
24 102
24 104
25 2
26 2
31 37
31 44
32 31
32 47
35 36
35 40
36 37
36 40
37 35
37 36
37 44
37 67
37 75
37 102
40 35
40 36
40 78
40 84
44 43
46 69
46 81
46 91
47 46
49 50
49 65
50 77
55 56
55 69
55 81
56 57
56 58
57 2
57 56
58 56
62 2
62 63
62 64
62 65
62 69
62 70
62 72
62 75
62 76
62 77
62 81
62 82
62 84
63 62
63 64
64 65
64 67
64 69
65 66
65 70
65 72
66 65
66 70
66 72
67 66
67 69
67 75
67 102
69 55
69 81
69 91
70 55
70 56
70 62
70 65
72 55
72 56
72 62
72 66
75 62
75 67
75 76
75 79
75 81
75 102
76 77
76 79
77 78
77 82
77 84
78 77
78 82
78 84
79 67
79 75
79 78
79 102
81 55
81 62
81 69
81 91
82 55
82 56
82 62
82 77
84 55
84 56
84 62
84 78
90 96
91 90
95 97
96 2
96 95
96 98
97 98
98 95
98 96
98 97
104 2
