1374 1375
1374 1376
1374 1377
1374 1378
1374 1381
1374 1382
1374 1383
1374 1384
1374 1385
1374 1388
1374 1389
1374 1390
1374 1391
1374 1392
1374 1394
1374 1395
1374 1396
1374 1397
1374 1398
1374 1399
1374 1402
1374 1403
1374 1404
1374 1406
1375 1376
1376 1375
1376 1377
1376 1378
1376 1381
1376 1382
1376 1383
1377 1375
1378 1375
1381 1382
1381 1383
1381 1389
1381 1390
1381 1395
1381 1397
1381 1399
1381 1402
1382 1383
1382 1395
1382 1402
1383 1384
1383 1385
1383 1388
1383 1389
1383 1394
1383 1395
1385 1375
1388 1394
1389 1390
1389 1391
1389 1392
1389 1395
1389 1397
1389 1402
1390 1391
1390 1392
1390 1394
1390 1397
1390 1402
1391 1390
1391 1395
1392 1390
1392 1395
1394 1395
1394 1396
1394 1397
1394 1398
1394 1399
1394 1402
1394 1403
1395 1398
1395 1399
1396 1375
1396 1395
1397 1395
1402 1403
1402 1404
1402 1406
1403 1404
1403 1406
