635 636
635 637
635 638
635 641
635 643
635 645
635 646
635 650
635 652
635 653
635 655
635 656
635 659
635 663
635 664
635 665
635 667
635 668
635 671
635 672
635 673
635 674
635 675
635 677
635 678
635 680
635 681
635 682
635 685
635 686
635 688
635 689
635 690
635 692
635 694
635 695
635 697
635 705
635 707
635 711
635 712
635 715
635 716
635 718
636 635
636 638
636 655
636 663
637 635
637 638
637 641
638 635
641 643
641 646
641 650
641 652
641 705
641 715
643 645
645 646
645 650
646 650
650 635
650 652
650 653
652 653
653 655
655 656
656 635
659 635
659 664
663 664
664 665
664 705
664 711
665 673
665 685
665 686
665 705
665 707
667 668
667 673
667 682
667 685
667 705
668 667
668 705
671 672
671 673
671 674
671 675
671 677
672 671
672 675
673 674
673 682
673 685
673 705
674 675
674 707
675 705
675 707
677 671
677 678
677 680
677 681
677 685
677 686
677 688
677 689
677 692
677 694
677 695
677 697
677 705
678 671
678 680
680 681
680 688
681 682
681 686
682 686
685 673
685 682
685 686
685 705
686 690
686 692
686 705
688 689
688 697
689 690
689 692
690 635
690 692
690 705
692 694
692 705
694 695
695 697
695 707
697 705
697 707
707 663
707 664
707 665
707 667
707 668
707 671
707 673
707 685
707 686
707 705
707 711
707 712
711 712
711 715
712 716
715 716
716 718
718 635
