73 75
73 76
73 78
73 81
73 83
73 85
73 87
73 89
73 91
73 94
73 96
73 97
73 98
73 99
73 101
73 104
75 73
75 78
75 83
75 87
75 91
75 99
75 104
76 73
76 78
76 81
78 73
78 81
78 83
78 85
78 87
78 89
78 91
78 98
78 99
78 104
81 73
81 83
81 85
81 87
81 89
81 91
81 98
83 73
83 85
83 87
83 89
83 91
83 98
83 99
83 104
85 73
85 87
85 89
85 91
85 98
87 73
87 89
87 91
87 98
87 99
87 104
89 73
89 91
89 94
89 98
91 73
91 98
91 99
91 104
94 73
94 96
94 97
94 98
94 99
94 101
96 73
96 97
97 73
97 98
97 99
98 73
98 101
99 73
99 101
101 73
101 104
104 73
