63 72
72 75
72 79
75 117
79 82
79 86
82 86
86 89
86 100
89 90
90 92
91 93
92 91
93 94
93 96
94 96
96 117
100 101
101 102
102 104
104 64
117 119
117 315
119 122
122 123
123 210
125 127
127 123
127 133
135 136
135 148
137 123
137 139
139 140
139 142
140 142
142 143
143 144
144 145
145 146
146 123
148 152
148 157
152 153
153 154
157 123
162 163
162 175
164 123
164 166
166 167
166 169
167 169
169 170
170 171
171 172
172 173
173 123
175 176
175 196
176 178
176 184
178 179
179 123
179 184
185 123
185 187
187 188
188 189
189 190
190 191
191 192
192 193
193 123
196 123
210 218
218 222
218 309
222 224
222 228
224 228
228 229
229 230
230 231
231 235
235 237
235 248
236 238
237 236
238 242
238 248
242 235
250 254
250 260
254 255
255 256
256 257
256 303
257 303
260 266
260 303
266 267
267 268
268 269
268 271
269 271
271 303
277 281
277 287
281 282
282 283
283 284
283 303
284 303
287 292
287 303
292 293
293 294
294 295
295 296
295 303
296 303
303 309
309 310
309 315
310 315
315 64
