1007 1008
1007 1010
1007 1011
1007 1012
1007 1013
1007 1014
1007 1018
1007 1021
1007 1022
1007 1023
1007 1024
1007 1025
1007 1026
1007 1027
1007 1030
1007 1031
1007 1032
1007 1034
1007 1035
1007 1037
1008 1007
1008 1014
1008 1023
1010 1026
1011 1007
1011 1013
1011 1018
1013 1007
1013 1014
1014 1007
1014 1021
1014 1026
1018 1007
1018 1021
1021 1007
1021 1024
1021 1026
1022 1007
1022 1023
1023 1007
1023 1024
1023 1026
1024 1007
1024 1025
1024 1027
1025 1007
1025 1026
1025 1027
1026 1007
1026 1032
1027 1007
1027 1026
1027 1034
1030 1031
1031 1007
1031 1032
1032 1007
1032 1034
1034 1007
1034 1035
1035 1007
1035 1037
1037 1007
